0,1.20295e-05
0.010005,48.118
0.02001,192.568
0.030015,433.351
0.04002,770.465
0.050025,1203.91
0.06003,1733.69
0.070035,2359.8
0.08004,3082.25
0.090045,3901.02
0.10005,4816.13
0.110055,5827.57
0.12006,6935.34
0.130065,8139.45
0.14007,9439.88
0.150075,10834.5
0.16008,12296.6
0.170085,13851.3
0.18009,15498.5
0.190095,17238.2
0.2001,19070.4
0.210105,20995.2
0.22011,23012.4
0.230115,25122.2
0.24012,27324.5
0.250125,29619.3
0.26013,32006.6
0.270135,34486.5
0.28014,37028
0.290145,39636.5
0.30015,42342.4
0.310155,45177.7
0.32016,48054.3
0.330165,51019.8
0.34017,54074
0.350175,57217
0.36018,60448.8
0.370185,63769.3
0.38019,67178.6
0.390195,70676.8
0.4002,74263.7
0.410205,77939.3
0.42021,81703.8
0.430215,85557
0.44022,89499
0.450225,93489.5
0.46023,97434.8
0.470235,101395
0.48024,103280
0.490245,107334
0.50025,111466
0.510255,113488
0.52026,117822
0.530265,122242
0.54027,126617
0.550275,131119
0.56028,135790
0.570285,140628
0.58029,145351
0.590295,150069
0.6003,154423
0.610305,159081
0.62031,163515
0.630315,168183
0.64032,172828
0.650325,174222
0.66033,175185
0.670335,183212
0.68034,187622
0.690345,188515
0.70035,194553
0.710355,198785
0.72036,202043
0.730365,206179
0.74037,209282
0.750375,213354
0.76038,212725
0.770385,216401
0.78039,218125
0.790395,221869
0.8004,225326
0.810405,225440
0.82041,220115
0.830415,222555
0.84042,225619
0.850425,227628
0.86043,230804
0.870435,233159
0.88044,229113
0.890445,231185
0.90045,230226
0.910455,226034
0.92046,228130
0.930465,227902
0.94047,230713
0.950475,230379
0.96048,231156
0.970485,231392
0.98049,229666
0.990495,230522
1.0005,233020
1.01051,233230
1.02051,235354
1.03052,234532
1.04052,222545
1.05053,224837
1.06053,217883
1.07054,218974
1.08054,207566
1.09055,210836
1.10055,208331
1.11056,209440
1.12056,210762
1.13057,212050
1.14057,205894
1.15058,201224
1.16058,201837
1.17059,203723
1.18059,200352
1.1906,188575
1.2006,177185
1.21061,175861
1.22061,166918
1.23062,164261
1.24062,165116
1.25063,161823
1.26063,160604
1.27064,160544
1.28064,160897
1.29065,153604
1.30065,151326
1.31066,152211
1.32066,144801
1.33067,137316
1.34067,142009
1.35068,129702
1.36068,126722
1.37069,121768
1.38069,120622
1.3907,117298
1.4007,116825
1.41071,115206
1.42071,115221
1.43072,115284
1.44072,112372
1.45073,105414
1.46073,100809
1.47074,97000.2
1.48074,97017.2
1.49075,95195.3
1.50075,94846.7
1.51076,93471.8
1.52076,89779.9
1.53077,87971.4
1.54077,88151
1.55078,88343.5
1.56078,85362.9
1.57079,85786
1.58079,84733.6
1.5908,82814.8
1.6008,77121.6
1.61081,76817.9
1.62081,74899.3
1.63082,75859.4
1.64082,75017.3
1.65083,73543.4
1.66083,73142
1.67084,73181.7
1.68084,73247.7
1.69085,72151.4
1.70085,72331.5
1.71086,70589.5
1.72086,70801.5
1.73087,71047.2
1.74087,70587.1
1.75088,67789.9
1.76088,68103.7
1.77089,67841.9
1.78089,67991.1
1.7909,67815
1.8009,68494
1.81091,69191
1.82091,69899
1.83092,69603.7
1.84092,67608.5
1.85093,65607.6
1.86093,65757.7
1.87094,66451
1.88094,67230.1
1.89095,68146.9
1.90095,69110
1.91096,69897.5
1.92096,70498.5
1.93097,71399.8
1.94097,71669.5
1.95098,66442.6
1.96098,66517.8
1.97099,68106.6
1.98099,63405.8
1.991,64374.1
2.001,65411.8
2.01101,65984.7
2.02101,66941.3
2.03102,67178.8
2.04102,68303.8
2.05103,67123.6
2.06103,66862.7
2.07104,68192
2.08104,69521.3
2.09105,69497.8
2.10105,70560.8
2.11106,71296.1
2.12106,72066.1
2.13107,73122.4
2.14107,72886.7
2.15108,73928.2
2.16108,74983.7
2.17109,75949.1
2.18109,77157.1
2.1911,78252.6
2.2011,79561
2.21111,79916.4
2.22111,81077.3
2.23112,82255
2.24112,81581.5
2.25112,82970.6
2.26113,78804.5
2.27113,75341.9
2.28114,76239.6
2.29114,72921.7
2.30115,73622.7
2.31115,74539.1
2.32116,75452.6
2.33116,73375.5
2.34117,71798.5
2.35117,72137.1
2.36118,72643.9
2.37118,73648.8
2.38119,74760.2
2.39119,76049.2
2.4012,72392.8
2.4112,73920.3
2.42121,75300.2
2.43121,72020.8
2.44122,70461.8
2.45122,72151.8
2.46123,73042.5
2.47123,72232.4
2.48124,73203.6
2.49124,74816.5
2.50125,76361.4
2.51125,77353.1
2.52126,79737.3
2.53126,70430.9
2.54127,72016.7
2.55127,74002.6
2.56128,76136.6
2.57128,76036.9
2.58129,77188.7
2.59129,79183.5
2.6013,81331.7
2.6113,81584
2.62131,83790.2
2.63131,86011.5
2.64132,86156.7
2.65132,88133.2
2.66133,90326.3
2.67133,92510.7
2.68134,93233.5
2.69134,95625
2.70135,98549.2
2.71135,100955
2.72136,103347
2.73136,105528
2.74137,107497
2.75137,108563
2.76138,109360
2.77138,112008
2.78139,107724
2.79139,109227
2.8014,111425
2.8114,106274
2.82141,108355
2.83141,110064
2.84142,111995
2.85142,106688
2.86143,108541
2.87143,109828
2.88144,107134
2.89144,107883
2.90145,100973
2.91145,99196.4
2.92146,97692.3
2.93146,99460.7
2.94147,100922
2.95147,96273.2
2.96148,98093.5
2.97148,100134
2.98149,99030.3
2.99149,99718.9
3.0015,97629.4
3.0115,98668.5
3.02151,96894.2
3.03151,98607.9
3.04152,96276.8
3.05152,97925.7
3.06153,97264.2
3.07153,98077
3.08154,98152.9
3.09154,99479.1
3.10155,97903.6
3.11155,99334.2
3.12156,100698
3.13156,101388
3.14157,98732.8
3.15157,99769.5
3.16158,100544
3.17158,101565
3.18159,102368
3.19159,103239
3.2016,104117
3.2116,104075
3.22161,98979.1
3.23161,100024
3.24162,99862
3.25162,100148
3.26163,98406.6
3.27163,98918.4
3.28164,98846.7
3.29164,99141.2
3.30165,98632.9
3.31165,99240.7
3.32166,99939.4
3.33166,100543
3.34167,99888.4
3.35167,100752
3.36168,101289
3.37168,102172
3.38169,103006
3.39169,102242
3.4017,103550
3.4117,103381
3.42171,104544
3.43171,104973
3.44172,105338
3.45172,106553
3.46173,107312
3.47173,101876
3.48174,102433
3.49174,103313
3.50175,102796
3.51175,103503
3.52176,103064
3.53176,104021
3.54177,105048
3.55177,105680
3.56178,106531
3.57178,106987
3.58179,107471
3.59179,104812
3.6018,105336
3.6118,106554
3.62181,103584
3.63181,104673
3.64182,105796
3.65182,106150
3.66183,106980
3.67183,107978
3.68184,107762
3.69184,108421
3.70185,107206
3.71185,106890
3.72186,104851
3.73186,105380
3.74187,103616
3.75187,92124.2
3.76188,92798.7
3.77188,93197.1
3.78189,94387.2
3.79189,92495.1
3.8019,93023
3.8119,94044.8
3.82191,91708.2
3.83191,92379
3.84192,92726.8
3.85192,91278.5
3.86193,91946
3.87193,92553.1
3.88194,90194.3
3.89194,87971.4
3.90195,82787.2
3.91195,83697.7
3.92196,78538.3
3.93196,79396.8
3.94197,80698.4
3.95197,81493.6
3.96198,80668.6
3.97198,81932
3.98199,82837.7
3.99199,83634.8
4.002,83762.6
4.012,81598.9
4.02201,82998.9
4.03201,78094.9
4.04202,78916.9
4.05202,74474
4.06203,75596.2
4.07203,76627.9
4.08204,74919.4
4.09204,68506.6
4.10205,69674.3
4.11205,71087.4
4.12206,72528
4.13206,72337.4
4.14207,72078.5
4.15207,73336.5
4.16208,74183.5
4.17208,74949
4.18209,75976.6
4.19209,76643.4
4.2021,77983.4
4.2121,78864
4.22211,80149.5
4.23211,81699.9
4.24212,82827.6
4.25212,84295.5
4.26213,85864.3
4.27213,83125
4.28214,78089.3
4.29214,79554.5
4.30215,81045.2
4.31215,73242.5
4.32216,73764.3
4.33216,73815.4
4.34217,67948.9
4.35217,66983.8
4.36218,68013
4.37218,68756.1
4.38219,69782.3
4.39219,70943.8
4.4022,70184.3
4.4122,70617.1
4.42221,69912.6
4.43221,68798.8
4.44222,65315.8
4.45222,65793.5
4.46223,65590.4
4.47223,67020.4
4.48224,62512.5
4.49224,62083.2
4.50225,62804.5
4.51225,60950.3
4.52226,61182.6
4.53226,60745.2
4.54227,61517.4
4.55227,61675.4
4.56228,62258.5
4.57228,57668.2
4.58229,58193.3
4.59229,58229.9
4.6023,51794.4
4.6123,51842.3
4.62231,52435.9
4.63231,52978.4
4.64232,52404.4
4.65232,52714.9
4.66233,53331.6
4.67233,52296.9
4.68234,52984
4.69234,53750.3
4.70235,53690.5
4.71235,54712
4.72236,55471.5
4.73236,55986.3
4.74237,55413
4.75237,56316.4
4.76238,57235.8
4.77238,58236.9
4.78239,59360.8
4.79239,58306.4
4.8024,59502.4
4.8124,60625.9
4.82241,61517
4.83241,62657
4.84242,63829.6
4.85242,62404.9
4.86243,64188
4.87243,65463.5
4.88244,66183
4.89244,67554.9
4.90245,68808.5
4.91245,70126.5
4.92246,71468.1
4.93246,72774.5
4.94247,74046.4
4.95247,75187.9
4.96248,76405.2
4.97248,71172.5
4.98249,71678.2
4.99249,72450.7
5.0025,72882.7
5.0125,73509.4
5.02251,74330.6
5.03251,75564.5
5.04252,74662.7
5.05252,75649.9
5.06253,77088.5
5.07253,77476.4
5.08254,78057
5.09254,79196.5
5.10255,80518.1
5.11255,74797.5
5.12256,71758.8
5.13256,70278.9
5.14257,71847.6
5.15257,73344.2
5.16258,74824.3
5.17258,75964.2
5.18259,77179.6
5.19259,78143.9
5.2026,78869.1
5.2126,79373
5.22261,78494.6
5.23261,79393.6
5.24262,80076.2
5.25262,74921.3
5.26263,75685.8
5.27263,76474.6
5.28264,77081.4
5.29264,78038.5
5.30265,78473.1
5.31265,77489.7
5.32266,79711.1
5.33266,80989.4
5.34267,82369
5.35267,83765.7
5.36268,85416.7
5.37268,86819
5.38269,81624
5.39269,82741
5.4027,74691.1
5.4127,75684
5.42271,71472.2
5.43271,70428.9
5.44272,71741
5.45272,73096.4
5.46273,74456.7
5.47273,75616.2
5.48274,74728.6
5.49274,75749.1
5.50275,77152.6
5.51275,77736.8
5.52276,72411
5.53276,67229.5
5.54277,62368.9
5.55277,62296.4
5.56278,62802.8
5.57278,60523.2
5.58279,59751.7
5.59279,60331.2
5.6028,60519.3
5.6128,56141.6
5.62281,51258.4
5.63281,51707.7
5.64282,49987.8
5.65282,50756.4
5.66283,51557.6
5.67283,51621.4
5.68284,52477.1
5.69284,53392.1
5.70285,54021.2
5.71285,54934.9
5.72286,55712.8
5.73286,56438.1
5.74287,57444.3
5.75287,58525.3
5.76288,58539.8
5.77288,59645.4
5.78289,60299.2
5.79289,61426.2
5.8029,56118.4
5.8129,57336.4
5.82291,58338.5
5.83291,59592.4
5.84292,55739.1
5.85292,57016.5
5.86293,58242.1
5.87293,57020.4
5.88294,58145
5.89294,58170.2
5.90295,58481.9
5.91295,59006.9
5.92296,58869.5
5.93296,59292.2
5.94297,54968.7
5.95297,55715.8
5.96298,56651.7
5.97298,52478.9
5.98299,53538.9
5.99299,54710.3
6.003,55063.6
6.013,54760.6
6.02301,55984.8
6.03301,57095.7
6.04302,58215.2
6.05302,58599.6
6.06303,60048.7
6.07303,60531.7
6.08304,59008.7
6.09304,54738.1
6.10305,55495.7
6.11305,55887.2
6.12306,56366.7
6.13306,55908.1
6.14307,57824
6.15307,58608.3
6.16308,54257.5
6.17308,54951.2
6.18309,55794.1
6.19309,56773.9
6.2031,57827
6.2131,59011
6.22311,60403.1
6.23311,61039.8
6.24312,62288.8
6.25312,63171.8
6.26313,64135.6
6.27313,64469.8
6.28314,64777.5
6.29314,65814.4
6.30315,65936.1
6.31315,66925.5
6.32316,67928.5
6.33316,68868.4
6.34317,70541.4
6.35317,66049.8
6.36318,66696.8
6.37318,65011
6.38319,64119.9
6.39319,64841.3
6.4032,65663.5
6.4132,66461.8
6.42321,64732.8
6.43321,65612.5
6.44322,64996.2
6.45322,66996.9
6.46323,67698.4
6.47323,68550.6
6.48324,68828.8
6.49324,69588.4
6.50325,70035.3
6.51325,70758.1
6.52326,71894.6
6.53326,67311.2
6.54327,64621.4
6.55327,65445.6
6.56328,66072.5
6.57328,66829.1
6.58329,67392.5
6.59329,67073.8
6.6033,62790.1
6.6133,58207.4
6.62331,57821.5
6.63331,53805.1
6.64332,54500.4
6.65332,55271.3
6.66333,54313.9
6.67333,54915.7
6.68334,55427
6.69334,56151.6
6.70335,57192.4
6.71335,58148.3
6.72336,57092.7
6.73336,58126.6
6.74337,59048.8
6.75337,54878.3
6.76338,55684
6.77338,56242
6.78339,57051.8
6.79339,57454.2
6.8034,58556.1
6.8134,58452.1
6.82341,56108.2
6.83341,56860.6
6.84342,57290.4
6.85342,58617.4
6.86343,59060.2
6.87343,59666.2
6.88344,60479.7
6.89344,56219.4
6.90345,56581.1
6.91345,56693.1
6.92346,52443.9
6.93346,48096
6.94347,48080.5
6.95347,48168.5
6.96348,47903.2
6.97348,47032.8
6.98349,46669.8
6.99349,43949.8
7.0035,43675.3
7.0135,42766.2
7.02351,42750.6
7.03351,42979.7
7.04352,43481
7.05352,43927.9
7.06353,44458.9
7.07353,45277.1
7.08354,45304.3
7.09354,45656
7.10355,40948.1
7.11355,40720.1
