0	5.05805e+09
0	4.9995e+09
0	5.03486e+09
0	5.11353e+09
0	5.19155e+09
0	5.26639e+09
0	5.3373e+09
0	5.40353e+09
0	5.46384e+09
0	5.51762e+09
0	5.5651e+09
0	5.60688e+09
0	5.64366e+09
0	5.67614e+09
0	5.70499e+09
0	5.7308e+09
0	5.75408e+09
0	5.77526e+09
0	5.79468e+09
0	5.81264e+09
0	5.82938e+09
0	5.84508e+09
0	5.85989e+09
0	5.87394e+09
0	5.88733e+09
0	5.90013e+09
0	5.91241e+09
0	5.92424e+09
0	5.93564e+09
0	5.94665e+09
0	5.95731e+09
0	5.96764e+09
0	5.97766e+09
0	5.98739e+09
0	5.99684e+09
0	6.00602e+09
0	6.01494e+09
0	6.02362e+09
0	6.03205e+09
0	6.04025e+09
0	6.04822e+09
0	6.05598e+09
0	6.06351e+09
0	6.07084e+09
0	6.07797e+09
0	6.0849e+09
0	6.09164e+09
0	6.09819e+09
0	6.10456e+09
0	6.11075e+09
0	6.11677e+09
0	6.12262e+09
0	6.12831e+09
0	6.13384e+09
0	6.13922e+09
0	6.14445e+09
0	6.14953e+09
0	6.15448e+09
0	6.15928e+09
0	6.16395e+09
0	6.16849e+09
0	6.17291e+09
0	6.17721e+09
0	6.18138e+09
0	6.18544e+09
0	6.18939e+09
0	6.19323e+09
0	6.19697e+09
0	6.2006e+09
0	6.20414e+09
0	6.20757e+09
0	6.21092e+09
0	6.21417e+09
0	6.21733e+09
0	6.22041e+09
0	6.22341e+09
0	6.22632e+09
0	6.22916e+09
0	6.23192e+09
0	6.2346e+09
0	6.23722e+09
0	6.23976e+09
0	6.24223e+09
0	6.24464e+09
0	6.24699e+09
0	6.24927e+09
0	6.25149e+09
0	6.25365e+09
0	6.25576e+09
0	6.25781e+09
0	6.2598e+09
0	6.26174e+09
0	6.26363e+09
0	6.26547e+09
0	6.26726e+09
0	6.269e+09
0	6.2707e+09
0	6.27235e+09
0	6.27396e+09
0	6.27553e+09
0	6.27705e+09
0	6.27854e+09
0	6.27998e+09
0	6.28139e+09
0	6.28276e+09
0	6.2841e+09
0	6.28539e+09
0	6.28666e+09
0	6.28789e+09
0	6.28909e+09
0	6.29026e+09
0	6.29139e+09
0	6.2925e+09
0	6.29357e+09
0	6.29462e+09
0	6.29564e+09
0	6.29664e+09
0	6.2976e+09
0	6.29855e+09
0	6.29946e+09
0	6.30035e+09
0	6.30122e+09
0	6.30207e+09
0	6.30289e+09
0	6.30369e+09
0	6.30447e+09
0	6.30523e+09
0	6.30597e+09
0	6.30669e+09
0	6.3074e+09
0	6.30808e+09
0	6.30874e+09
0	6.30939e+09
0	6.31002e+09
0	6.31063e+09
0	6.31123e+09
0	6.31181e+09
0	6.31238e+09
0	6.31293e+09
0	6.31346e+09
0	6.31398e+09
0	6.31449e+09
0	6.31499e+09
0	6.31547e+09
0	6.31594e+09
0	6.3164e+09
0	6.31684e+09
0	6.31728e+09
0	6.3177e+09
0	6.31811e+09
0	6.31851e+09
0	6.3189e+09
0	6.31928e+09
0	6.31965e+09
0	6.32002e+09
0	6.32037e+09
0	6.32071e+09
0	6.32105e+09
0	6.32137e+09
0	6.32169e+09
0	6.322e+09
0	6.32231e+09
0	6.3226e+09
0	6.32289e+09
0	6.32318e+09
0	6.32346e+09
0	6.32373e+09
0	6.32399e+09
0	6.32425e+09
0	6.32451e+09
0	6.32476e+09
0	6.32501e+09
0	6.32525e+09
0	6.32549e+09
0	6.32572e+09
0	6.32596e+09
0	6.32619e+09
0	6.32642e+09
0	6.32664e+09
0	6.32687e+09
0	6.32709e+09
0	6.32732e+09
0	6.32754e+09
0	6.32777e+09
0	6.32799e+09
0	6.32822e+09
0	6.32845e+09
0	6.32867e+09
0	6.3289e+09
0	6.32913e+09
0	6.32936e+09
0	6.32959e+09
0	6.32982e+09
0	6.33005e+09
0	6.33028e+09
0	6.33051e+09
0	6.33074e+09
0	6.33097e+09
0	6.3312e+09
0	6.33143e+09
0	6.33165e+09
0	6.33187e+09
0	6.3321e+09
0	6.33232e+09
0	6.33254e+09
0	6.33276e+09
0	6.33297e+09
0	6.33318e+09
0	6.3334e+09
0	6.33361e+09
0	6.33382e+09
0	6.33402e+09
0	6.33423e+09
0	6.33443e+09
0	6.33463e+09
0	6.33483e+09
0	6.33502e+09
0	6.33522e+09
0	6.33541e+09
0	6.3356e+09
0	6.33579e+09
0	6.33597e+09
0	6.33616e+09
0	6.33634e+09
0	6.33652e+09
0	6.3367e+09
0	6.33688e+09
0	6.33705e+09
0	6.33722e+09
0	6.3374e+09
0	6.33757e+09
0	6.33773e+09
0	6.3379e+09
0	6.33807e+09
0	6.33823e+09
0	6.33839e+09
0	6.33855e+09
0	6.33871e+09
0	6.33887e+09
0	6.33902e+09
0	6.33918e+09
0	6.33933e+09
0	6.33948e+09
0	6.33963e+09
0	6.33978e+09
0	6.33993e+09
0	6.34008e+09
0	6.34022e+09
0	6.34037e+09
0	6.34051e+09
0	6.34065e+09
0	6.34079e+09
0	6.34093e+09
0	6.34107e+09
0	6.3412e+09
0	6.34134e+09
0	6.34147e+09
0	6.34161e+09
0	6.34174e+09
0	6.34187e+09
0	6.342e+09
0	6.34213e+09
0	6.34225e+09
0	6.34238e+09
0	6.3425e+09
0	6.34263e+09
0	6.34275e+09
0	6.34287e+09
0	6.34299e+09
0	6.34311e+09
0	6.34323e+09
0	6.34334e+09
0	6.34346e+09
0	6.34357e+09
0	6.34368e+09
0	6.34379e+09
0	6.3439e+09
0	6.34401e+09
0	6.34412e+09
0	6.34422e+09
0	6.34432e+09
0	6.34443e+09
0	6.34453e+09
0	6.34463e+09
0	6.34473e+09
0	6.34482e+09
0	6.34492e+09
0	6.34501e+09
0	6.3451e+09
0	6.34519e+09
0	6.34528e+09
0	6.34537e+09
0	6.34546e+09
0	6.34554e+09
0	6.34563e+09
0	6.34571e+09
0	6.34579e+09
0	6.34587e+09
0	6.34594e+09
0	6.34602e+09
0	6.34609e+09
0	6.34616e+09
0	6.34624e+09
0	6.3463e+09
0	6.34637e+09
0	6.34644e+09
0	6.3465e+09
0	6.34657e+09
0	6.34663e+09
0	6.34669e+09
0	6.34674e+09
0	6.3468e+09
0	6.34686e+09
0	6.34691e+09
0	6.34696e+09
0	6.34701e+09
0	6.34706e+09
0	6.34711e+09
0	6.34715e+09
0	6.3472e+09
0	6.34724e+09
0	6.34728e+09
0	6.34732e+09
0	6.34736e+09
0	6.34739e+09
0	6.34743e+09
0	6.34746e+09
0	6.34749e+09
0	6.34752e+09
0	6.34755e+09
0	6.34758e+09
0	6.3476e+09
0	6.34763e+09
0	6.34765e+09
0	6.34767e+09
0	6.34769e+09
0	6.34771e+09
0	6.34773e+09
0	6.34774e+09
0	6.34776e+09
0	6.34777e+09
0	6.34778e+09
0	6.34779e+09
0	6.3478e+09
0	6.3478e+09
0	6.34781e+09
0	6.34781e+09
0	6.34781e+09
0	6.34782e+09
0	6.34782e+09
0	6.34781e+09
0	6.34781e+09
0	6.34781e+09
0	6.3478e+09
0	6.34779e+09
0	6.34779e+09
0	6.34778e+09
0	6.34777e+09
0	6.34776e+09
0	6.34774e+09
0	6.34773e+09
0	6.34772e+09
0	6.3477e+09
0	6.34768e+09
0	6.34767e+09
0	6.34765e+09
0	6.34763e+09
0	6.34761e+09
0	6.3476e+09
0	6.34758e+09
0	6.34757e+09
0	6.34755e+09
0	6.34755e+09
0	6.34754e+09
0	6.34754e+09
0	6.34755e+09
0	6.34757e+09
0	6.3476e+09
0	6.34762e+09
0	6.34766e+09
0	6.34769e+09
0	6.34773e+09
0	6.34777e+09
0	6.3478e+09
0	6.34784e+09
0	6.34788e+09
0	6.34792e+09
0	6.34796e+09
0	6.34799e+09
0	6.34803e+09
0	6.34807e+09
0	6.3481e+09
0	6.34814e+09
0	6.34817e+09
0	6.3482e+09
0	6.34823e+09
0	6.34826e+09
0	6.34829e+09
0	6.34832e+09
0	6.34835e+09
0	6.34837e+09
0	6.3484e+09
0	6.34842e+09
0	6.34844e+09
0	6.34847e+09
0	6.34849e+09
0	6.34851e+09
0	6.34853e+09
0	6.34855e+09
0	6.34856e+09
0	6.34858e+09
0	6.34859e+09
0	6.34861e+09
0	6.34862e+09
0	6.34863e+09
0	6.34864e+09
0	6.34865e+09
0	6.34866e+09
0	6.34867e+09
0	6.34868e+09
0	6.34869e+09
0	6.34869e+09
0	6.3487e+09
0	6.3487e+09
0	6.3487e+09
0	6.3487e+09
0	6.3487e+09
0	6.3487e+09
0	6.3487e+09
0	6.3487e+09
0	6.3487e+09
0	6.34869e+09
0	6.34869e+09
0	6.34868e+09
0	6.34868e+09
0	6.34867e+09
0	6.34866e+09
0	6.34865e+09
0	6.34864e+09
0	6.34863e+09
0	6.34862e+09
0	6.3486e+09
0	6.34859e+09
0	6.34857e+09
0	6.34856e+09
0	6.34854e+09
0	6.34853e+09
0	6.34851e+09
0	6.34849e+09
0	6.34847e+09
0	6.34845e+09
0	6.34843e+09
0	6.3484e+09
0	6.34838e+09
0	6.34836e+09
0	6.34833e+09
0	6.34831e+09
0	6.34828e+09
0	6.34825e+09
0	6.34823e+09
0	6.3482e+09
0	6.34817e+09
0	6.34814e+09
0	6.34811e+09
0	6.34808e+09
0	6.34804e+09
0	6.34801e+09
0	6.34798e+09
0	6.34794e+09
0	6.3479e+09
0	6.34787e+09
0	6.34783e+09
0	6.34779e+09
0	6.34776e+09
0	6.34772e+09
0	6.34768e+09
0	6.34764e+09
0	6.34759e+09
0	6.34755e+09
0	6.34751e+09
0	6.34747e+09
0	6.34742e+09
0	6.34738e+09
0	6.34733e+09
0	6.34729e+09
0	6.34724e+09
0	6.34719e+09
0	6.34715e+09
0	6.3471e+09
0	6.34705e+09
0	6.347e+09
0	6.34695e+09
0	6.3469e+09
0	6.34684e+09
0	6.34679e+09
0	6.34674e+09
0	6.34669e+09
0	6.34663e+09
0	6.34658e+09
0	6.34652e+09
0	6.34647e+09
0	6.34641e+09
0	6.34635e+09
0	6.3463e+09
0	6.34624e+09
0	6.34618e+09
0	6.34612e+09
0	6.34606e+09
0	6.346e+09
0	6.34594e+09
0	6.34588e+09
0	6.34582e+09
0	6.34576e+09
0	6.34569e+09
0	6.34563e+09
0	6.34557e+09
0	6.3455e+09
0	6.34544e+09
0	6.34537e+09
0	6.34531e+09
0	6.34524e+09
0	6.34518e+09
0	6.34511e+09
0	6.34504e+09
0	6.34498e+09
0	6.34491e+09
0	6.34484e+09
0	6.34477e+09
0	6.3447e+09
0	6.34464e+09
0	6.34457e+09
0	6.3445e+09
0	6.34443e+09
0	6.34436e+09
0	6.34429e+09
0	6.34421e+09
0	6.34414e+09
0	6.34407e+09
0	6.344e+09
0	6.34393e+09
0	6.34386e+09
0	6.34378e+09
0	6.34371e+09
0	6.34364e+09
0	6.34356e+09
0	6.34349e+09
0	6.34342e+09
0	6.34334e+09
0	6.34327e+09
0	6.34319e+09
0	6.34312e+09
0	6.34305e+09
0	6.34297e+09
0	6.3429e+09
0	6.34282e+09
0	6.34275e+09
0	6.34267e+09
0	6.3426e+09
0	6.34252e+09
0	6.34245e+09
0	6.34237e+09
0	6.34229e+09
0	6.34222e+09
0	6.34214e+09
0	6.34207e+09
0	6.34199e+09
0	6.34192e+09
0	6.34184e+09
0	6.34176e+09
0	6.34169e+09
0	6.34161e+09
0	6.34154e+09
0	6.34146e+09
0	6.34139e+09
0	6.34131e+09
0	6.34123e+09
0	6.34116e+09
0	6.34108e+09
0	6.34101e+09
0	6.34093e+09
0	6.34086e+09
0	6.34078e+09
0	6.34071e+09
0	6.34063e+09
0	6.34056e+09
0	6.34048e+09
0	6.34041e+09
0	6.34033e+09
0	6.34026e+09
0	6.34018e+09
0	6.34011e+09
0	6.34003e+09
0	6.33996e+09
0	6.33989e+09
0	6.33981e+09
0	6.33974e+09
0	6.33966e+09
0	6.33959e+09
0	6.33952e+09
0	6.33944e+09
0	6.33937e+09
0	6.3393e+09
0	6.33922e+09
0	6.33915e+09
0	6.33908e+09
0	6.33901e+09
0	6.33894e+09
0	6.33886e+09
0	6.33879e+09
0	6.33872e+09
0	6.33865e+09
0	6.33858e+09
0	6.3385e+09
0	6.33843e+09
0	6.33836e+09
0	6.33829e+09
0	6.33822e+09
0	6.33815e+09
0	6.33808e+09
0	6.33801e+09
0	6.33794e+09
0	6.33787e+09
0	6.3378e+09
0	6.33773e+09
0	6.33766e+09
0	6.33759e+09
0	6.33752e+09
0	6.33745e+09
0	6.33738e+09
0	6.33732e+09
0	6.33725e+09
0	6.33718e+09
0	6.33711e+09
0	6.33704e+09
0	6.33697e+09
0	6.33691e+09
0	6.33684e+09
0	6.33677e+09
0	6.3367e+09
0	6.33664e+09
0	6.33657e+09
0	6.3365e+09
0	6.33643e+09
0	6.33637e+09
0	6.3363e+09
0	6.33623e+09
0	6.33617e+09
0	6.3361e+09
0	6.33604e+09
0	6.33597e+09
0	6.3359e+09
0	6.33584e+09
0	6.33577e+09
0	6.33571e+09
0	6.33564e+09
0	6.33558e+09
0	6.33551e+09
0	6.33545e+09
0	6.33538e+09
0	6.33532e+09
0	6.33525e+09
0	6.33519e+09
0	6.33512e+09
0	6.33506e+09
0	6.335e+09
0	6.33493e+09
0	6.33487e+09
0	6.33481e+09
0	6.33474e+09
0	6.33468e+09
0	6.33461e+09
0	6.33455e+09
0	6.33449e+09
0	6.33443e+09
0	6.33436e+09
0	6.3343e+09
0	6.33424e+09
0	6.33418e+09
0	6.33411e+09
0	6.33405e+09
0	6.33399e+09
0	6.33393e+09
0	6.33386e+09
0	6.3338e+09
0	6.33374e+09
0	6.33368e+09
0	6.33362e+09
0	6.33356e+09
0	6.33349e+09
0	6.33343e+09
0	6.33337e+09
0	6.33331e+09
0	6.33325e+09
0	6.33319e+09
0	6.33313e+09
0	6.33307e+09
0	6.33301e+09
0	6.33295e+09
0	6.33289e+09
0	6.33283e+09
0	6.33277e+09
0	6.33271e+09
0	6.33265e+09
0	6.33258e+09
0	6.33252e+09
0	6.33246e+09
0	6.3324e+09
0	6.33235e+09
0	6.33229e+09
0	6.33223e+09
0	6.33217e+09
0	6.33211e+09
0	6.33205e+09
0	6.33199e+09
0	6.33193e+09
0	6.33187e+09
0	6.33181e+09
0	6.33175e+09
0	6.33169e+09
0	6.33163e+09
0	6.33157e+09
0	6.33151e+09
0	6.33145e+09
0	6.33139e+09
0	6.33133e+09
0	6.33127e+09
0	6.33122e+09
0	6.33116e+09
0	6.3311e+09
0	6.33104e+09
0	6.33098e+09
0	6.33092e+09
0	6.33086e+09
0	6.3308e+09
0	6.33074e+09
0	6.33068e+09
0	6.33062e+09
0	6.33056e+09
0	6.3305e+09
0	6.33045e+09
0	6.33039e+09
0	6.33033e+09
0	6.33027e+09
0	6.33021e+09
0	6.33015e+09
0	6.33009e+09
0	6.33003e+09
0	6.32997e+09
0	6.32991e+09
0	6.32985e+09
0	6.32979e+09
0	6.32973e+09
0	6.32967e+09
0	6.32961e+09
0	6.32955e+09
0	6.32949e+09
0	6.32943e+09
0	6.32937e+09
0	6.32931e+09
0	6.32925e+09
0	6.32918e+09
0	6.32912e+09
0	6.32906e+09
0	6.329e+09
0	6.32894e+09
0	6.32888e+09
0	6.32882e+09
0	6.32876e+09
0	6.3287e+09
0	6.32863e+09
0	6.32857e+09
0	6.32851e+09
0	6.32845e+09
0	6.32839e+09
0	6.32832e+09
0	6.32826e+09
0	6.3282e+09
0	6.32814e+09
0	6.32807e+09
0	6.32801e+09
0	6.32795e+09
0	6.32788e+09
0	6.32782e+09
0	6.32776e+09
0	6.32769e+09
0	6.32763e+09
0	6.32757e+09
0	6.3275e+09
0	6.32744e+09
0	6.32737e+09
0	6.32731e+09
0	6.32724e+09
0	6.32718e+09
0	6.32711e+09
0	6.32705e+09
0	6.32698e+09
0	6.32692e+09
0	6.32685e+09
0	6.32679e+09
0	6.32672e+09
0	6.32666e+09
0	6.32659e+09
0	6.32652e+09
0	6.32646e+09
0	6.32639e+09
0	6.32632e+09
0	6.32626e+09
0	6.32619e+09
0	6.32612e+09
0	6.32605e+09
0	6.32599e+09
0	6.32592e+09
0	6.32585e+09
0	6.32578e+09
0	6.32572e+09
0	6.32565e+09
0	6.32558e+09
0	6.32551e+09
0	6.32544e+09
0	6.32537e+09
0	6.3253e+09
0	6.32524e+09
0	6.32517e+09
0	6.3251e+09
0	6.32503e+09
0	6.32496e+09
0	6.32489e+09
0	6.32482e+09
0	6.32475e+09
0	6.32468e+09
0	6.32461e+09
0	6.32454e+09
0	6.32447e+09
0	6.3244e+09
0	6.32433e+09
0	6.32426e+09
0	6.32419e+09
0	6.32412e+09
0	6.32404e+09
0	6.32397e+09
0	6.3239e+09
0	6.32383e+09
0	6.32376e+09
0	6.32369e+09
0	6.32362e+09
0	6.32355e+09
0	6.32348e+09
0	6.3234e+09
0	6.32333e+09
0	6.32326e+09
0	6.32319e+09
0	6.32312e+09
0	6.32305e+09
0	6.32298e+09
0	6.3229e+09
0	6.32283e+09
0	6.32276e+09
0	6.32269e+09
0	6.32262e+09
0	6.32255e+09
0	6.32248e+09
0	6.32241e+09
0	6.32234e+09
0	6.32226e+09
0	6.32219e+09
0	6.32212e+09
0	6.32205e+09
0	6.32198e+09
0	6.32191e+09
0	6.32184e+09
0	6.32177e+09
0	6.3217e+09
0	6.32163e+09
0	6.32156e+09
0	6.32149e+09
0	6.32142e+09
0	6.32135e+09
0	6.32128e+09
0	6.32122e+09
0	6.32115e+09
0	6.32108e+09
0	6.32101e+09
0	6.32094e+09
0	6.32088e+09
0	6.32081e+09
0	6.32074e+09
0	6.32067e+09
0	6.32061e+09
0	6.32054e+09
0	6.32047e+09
0	6.32041e+09
0	6.32034e+09
0	6.32027e+09
0	6.32021e+09
0	6.32014e+09
0	6.32008e+09
0	6.32001e+09
0	6.31994e+09
0	6.31988e+09
0	6.31981e+09
0	6.31975e+09
0	6.31968e+09
0	6.31962e+09
0	6.31955e+09
0	6.31948e+09
0	6.31942e+09
0	6.31935e+09
0	6.31928e+09
0	6.31922e+09
0	6.31915e+09
0	6.31908e+09
0	6.31902e+09
0	6.31895e+09
0	6.31888e+09
0	6.31881e+09
0	6.31874e+09
0	6.31867e+09
0	6.31861e+09
0	6.31854e+09
0	6.31847e+09
0	6.3184e+09
0	6.31833e+09
0	6.31826e+09
0	6.31818e+09
0	6.31811e+09
0	6.31804e+09
0	6.31797e+09
0	6.31789e+09
0	6.31782e+09
0	6.31775e+09
0	6.31767e+09
0	6.3176e+09
0	6.31752e+09
0	6.31744e+09
0	6.31737e+09
0	6.31729e+09
0	6.31721e+09
0	6.31713e+09
0	6.31706e+09
0	6.31698e+09
0	6.3169e+09
0	6.31682e+09
0	6.31673e+09
0	6.31665e+09
0	6.31657e+09
0	6.31649e+09
0	6.3164e+09
0	6.31632e+09
0	6.31623e+09
0	6.31615e+09
0	6.31606e+09
0	6.31597e+09
0	6.31589e+09
0	6.3158e+09
0	6.31571e+09
0	6.31562e+09
0	6.31553e+09
0	6.31544e+09
0	6.31535e+09
0	6.31525e+09
0	6.31516e+09
0	6.31507e+09
0	6.31497e+09
0	6.31488e+09
0	6.31478e+09
0	6.31468e+09
0	6.31459e+09
0	6.31449e+09
0	6.31439e+09
0	6.31429e+09
0	6.31419e+09
0	6.31409e+09
0	6.31398e+09
0	6.31388e+09
0	6.31378e+09
0	6.31367e+09
0	6.31357e+09
0	6.31346e+09
0	6.31335e+09
0	6.31325e+09
0	6.31314e+09
0	6.31303e+09
0	6.31292e+09
0	6.31281e+09
0	6.3127e+09
0	6.31259e+09
0	6.31247e+09
0	6.31236e+09
0	6.31224e+09
0	6.31213e+09
0	6.31201e+09
0	6.3119e+09
0	6.31178e+09
0	6.31166e+09
0	6.31154e+09
0	6.31142e+09
0	6.3113e+09
0	6.31118e+09
0	6.31106e+09
0	6.31093e+09
0	6.31081e+09
0	6.31068e+09
0	6.31056e+09
0	6.31043e+09
0	6.3103e+09
0	6.31018e+09
0	6.31005e+09
0	6.30992e+09
0	6.30979e+09
0	6.30966e+09
0	6.30953e+09
0	6.3094e+09
0	6.30926e+09
0	6.30913e+09
0	6.309e+09
0	6.30886e+09
0	6.30873e+09
0	6.30859e+09
0	6.30845e+09
0	6.30832e+09
0	6.30818e+09
0	6.30804e+09
0	6.3079e+09
0	6.30776e+09
0	6.30762e+09
0	6.30748e+09
0	6.30734e+09
0	6.30719e+09
0	6.30705e+09
0	6.30691e+09
0	6.30676e+09
0	6.30662e+09
0	6.30648e+09
0	6.30633e+09
0	6.30618e+09
0	6.30604e+09
0	6.30589e+09
0	6.30574e+09
0	6.3056e+09
0	6.30545e+09
0	6.3053e+09
0	6.30515e+09
0	6.305e+09
0	6.30485e+09
0	6.30471e+09
0	6.30456e+09
0	6.30441e+09
0	6.30426e+09
0	6.30411e+09
0	6.30396e+09
0	6.3038e+09
0	6.30365e+09
0	6.3035e+09
0	6.30335e+09
0	6.3032e+09
0	6.30305e+09
0	6.3029e+09
0	6.30275e+09
0	6.3026e+09
0	6.30245e+09
0	6.3023e+09
0	6.30215e+09
0	6.302e+09
0	6.30185e+09
0	6.3017e+09
0	6.30155e+09
0	6.3014e+09
0	6.30125e+09
0	6.3011e+09
0	6.30096e+09
0	6.30081e+09
0	6.30066e+09
0	6.30052e+09
0	6.30037e+09
0	6.30023e+09
0	6.30008e+09
0	6.29994e+09
0	6.2998e+09
0	6.29965e+09
0	6.29951e+09
0	6.29937e+09
0	6.29923e+09
0	6.2991e+09
0	6.29896e+09
0	6.29882e+09
0	6.29869e+09
0	6.29856e+09
0	6.29842e+09
0	6.29829e+09
0	6.29816e+09
0	6.29804e+09
0	6.29791e+09
0	6.29779e+09
0	6.29766e+09
0	6.29754e+09
0	6.29742e+09
0	6.29731e+09
0	6.29719e+09
0	6.29708e+09
0	6.29697e+09
0	6.29686e+09
0	6.29676e+09
0	6.29666e+09
0	6.29657e+09
0	6.29647e+09
0	6.29639e+09
0	6.29631e+09
0	6.29623e+09
0	6.29617e+09
0	6.29611e+09
0	6.29606e+09
0	6.29602e+09
0	6.29599e+09
0	6.29596e+09
0	6.29595e+09
0	6.29595e+09
0	6.29595e+09
0	6.29596e+09
0	6.29598e+09
0	6.29601e+09
0	6.29604e+09
0	6.29607e+09
0	6.29611e+09
0	6.29615e+09
0	6.29619e+09
0	6.29624e+09
0	6.29629e+09
0	6.29634e+09
0	6.29639e+09
0	6.29644e+09
0	6.2965e+09
0	6.29656e+09
0	6.29661e+09
0	6.29668e+09
0	6.29674e+09
0	6.2968e+09
0	6.29686e+09
0	6.29693e+09
0	6.29699e+09
0	6.29706e+09
0	6.29713e+09
0	6.29719e+09
0	6.29726e+09
0	6.29733e+09
0	6.2974e+09
0	6.29747e+09
0	6.29754e+09
0	6.29761e+09
0	6.29768e+09
0	6.29776e+09
0	6.29783e+09
0	6.2979e+09
0	6.29798e+09
0	6.29805e+09
0	6.29812e+09
0	6.2982e+09
0	6.29827e+09
0	6.29835e+09
0	6.29842e+09
0	6.2985e+09
0	6.29857e+09
0	6.29865e+09
0	6.29873e+09
0	6.2988e+09
0	6.29888e+09
0	6.29896e+09
0	6.29903e+09
0	6.29911e+09
0	6.29919e+09
0	6.29926e+09
0	6.29934e+09
0	6.29942e+09
0	6.29949e+09
0	6.29957e+09
0	6.29965e+09
0	6.29973e+09
0	6.2998e+09
0	6.29988e+09
0	6.29996e+09
0	6.30004e+09
0	6.30012e+09
0	6.30019e+09
0	6.30027e+09
0	6.30035e+09
0	6.30043e+09
0	6.30051e+09
0	6.30058e+09
0	6.30066e+09
0	6.30074e+09
0	6.30082e+09
0	6.3009e+09
0	6.30097e+09
0	6.30105e+09
0	6.30113e+09
0	6.30121e+09
0	6.30129e+09
0	6.30137e+09
0	6.30144e+09
0	6.30152e+09
0	6.3016e+09
0	6.30168e+09
0	6.30176e+09
0	6.30183e+09
0	6.30191e+09
0	6.30199e+09
0	6.30207e+09
0	6.30215e+09
0	6.30223e+09
0	6.3023e+09
0	6.30238e+09
0	6.30246e+09
0	6.30254e+09
0	6.30262e+09
0	6.30269e+09
0	6.30277e+09
0	6.30285e+09
0	6.30293e+09
0	6.303e+09
0	6.30308e+09
0	6.30316e+09
0	6.30323e+09
0	6.30331e+09
0	6.30338e+09
0	6.30346e+09
0	6.30353e+09
0	6.30361e+09
0	6.30368e+09
0	6.30375e+09
0	6.30382e+09
0	6.30389e+09
0	6.30396e+09
0	6.30403e+09
0	6.30409e+09
0	6.30416e+09
0	6.30422e+09
0	6.30428e+09
0	6.30434e+09
0	6.30439e+09
0	6.30445e+09
0	6.3045e+09
0	6.30454e+09
0	6.30458e+09
0	6.30462e+09
0	6.30465e+09
0	6.30468e+09
0	6.3047e+09
0	6.30472e+09
0	6.30473e+09
0	6.30473e+09
0	6.30472e+09
0	6.3047e+09
0	6.30467e+09
0	6.30463e+09
0	6.30457e+09
0	6.3045e+09
0	6.30441e+09
0	6.30431e+09
0	6.30418e+09
0	6.30404e+09
0	6.30386e+09
0	6.30367e+09
0	6.30344e+09
0	6.30319e+09
0	6.3029e+09
0	6.30259e+09
0	6.30227e+09
0	6.30191e+09
0	6.30151e+09
0	6.30105e+09
0	6.30053e+09
0	6.29992e+09
0	6.29923e+09
0	6.29845e+09
0	6.29755e+09
0	6.29653e+09
0	6.29538e+09
0	6.29408e+09
0	6.29263e+09
0	6.29101e+09
0	6.28925e+09
0	6.28782e+09
0	6.2876e+09
0	6.28772e+09
0	6.28789e+09
0	6.28808e+09
0	6.28827e+09
0	6.28846e+09
0	6.28866e+09
0	6.28886e+09
0	6.28906e+09
0	6.28925e+09
0	6.28945e+09
0	6.28965e+09
0	6.28984e+09
0	6.29004e+09
0	6.29023e+09
0	6.29043e+09
0	6.29062e+09
0	6.29082e+09
0	6.29101e+09
0	6.2912e+09
0	6.29139e+09
0	6.29159e+09
0	6.29178e+09
0	6.29197e+09
0	6.29216e+09
0	6.29234e+09
0	6.29253e+09
0	6.29272e+09
0	6.29291e+09
0	6.29309e+09
0	6.29328e+09
0	6.29346e+09
0	6.29365e+09
0	6.29384e+09
0	6.29402e+09
0	6.29421e+09
0	6.2944e+09
0	6.29458e+09
0	6.29477e+09
0	6.29497e+09
0	6.29517e+09
0	6.29537e+09
0	6.29558e+09
0	6.29581e+09
0	6.29606e+09
0	6.29636e+09
0	6.29674e+09
0	6.29728e+09
0	6.29815e+09
0	6.29949e+09
0	6.30118e+09
0	6.30296e+09
0	6.30468e+09
0	6.3063e+09
0	6.30781e+09
0	6.30919e+09
0	6.31045e+09
0	6.31161e+09
0	6.31268e+09
0	6.31365e+09
0	6.31454e+09
0	6.31536e+09
0	6.31611e+09
0	6.3168e+09
0	6.31743e+09
0	6.31801e+09
0	6.31855e+09
0	6.31905e+09
0	6.31951e+09
0	6.31994e+09
0	6.32034e+09
0	6.32071e+09
0	6.32105e+09
0	6.32137e+09
0	6.32168e+09
0	6.32196e+09
0	6.32223e+09
0	6.32248e+09
0	6.32272e+09
0	6.32294e+09
0	6.32315e+09
0	6.32336e+09
0	6.32355e+09
0	6.32373e+09
0	6.32391e+09
0	6.32408e+09
0	6.32424e+09
0	6.3244e+09
0	6.32454e+09
0	6.32469e+09
0	6.32483e+09
0	6.32496e+09
0	6.32509e+09
0	6.32522e+09
0	6.32534e+09
0	6.32546e+09
0	6.32558e+09
0	6.32569e+09
0	6.3258e+09
0	6.32591e+09
0	6.32601e+09
0	6.32611e+09
0	6.32621e+09
0	6.32631e+09
0	6.32641e+09
0	6.3265e+09
0	6.32659e+09
0	6.32668e+09
0	6.32677e+09
0	6.32686e+09
0	6.32694e+09
0	6.32702e+09
0	6.32711e+09
0	6.32719e+09
0	6.32726e+09
0	6.32734e+09
0	6.32742e+09
0	6.32749e+09
0	6.32756e+09
0	6.32764e+09
0	6.32771e+09
0	6.32777e+09
0	6.32784e+09
0	6.32791e+09
0	6.32797e+09
0	6.32804e+09
0	6.3281e+09
0	6.32816e+09
0	6.32822e+09
0	6.32828e+09
0	6.32834e+09
0	6.3284e+09
0	6.32845e+09
0	6.32851e+09
0	6.32856e+09
0	6.32861e+09
0	6.32866e+09
0	6.32871e+09
0	6.32876e+09
0	6.32881e+09
0	6.32886e+09
0	6.3289e+09
0	6.32895e+09
0	6.32899e+09
0	6.32903e+09
0	6.32908e+09
0	6.32912e+09
0	6.32915e+09
0	6.32919e+09
0	6.32923e+09
0	6.32927e+09
0	6.3293e+09
0	6.32933e+09
0	6.32937e+09
0	6.3294e+09
0	6.32943e+09
0	6.32946e+09
0	6.32949e+09
0	6.32952e+09
0	6.32954e+09
0	6.32957e+09
0	6.32959e+09
0	6.32962e+09
0	6.32964e+09
0	6.32966e+09
0	6.32968e+09
0	6.3297e+09
0	6.32972e+09
0	6.32974e+09
0	6.32975e+09
0	6.32977e+09
0	6.32978e+09
0	6.3298e+09
0	6.32981e+09
0	6.32982e+09
0	6.32983e+09
0	6.32984e+09
0	6.32985e+09
0	6.32986e+09
0	6.32986e+09
0	6.32987e+09
0	6.32987e+09
0	6.32988e+09
0	6.32988e+09
0	6.32988e+09
0	6.32988e+09
0	6.32988e+09
0	6.32988e+09
0	6.32988e+09
0	6.32988e+09
0	6.32987e+09
0	6.32987e+09
0	6.32986e+09
0	6.32986e+09
0	6.32985e+09
0	6.32984e+09
0	6.32983e+09
0	6.32982e+09
0	6.32981e+09
0	6.3298e+09
0	6.32979e+09
0	6.32977e+09
0	6.32976e+09
0	6.32974e+09
0	6.32973e+09
0	6.32971e+09
0	6.32969e+09
0	6.32967e+09
0	6.32965e+09
0	6.32963e+09
0	6.32961e+09
0	6.32959e+09
0	6.32956e+09
0	6.32954e+09
0	6.32951e+09
0	6.32949e+09
0	6.32946e+09
0	6.32943e+09
0	6.32941e+09
0	6.32938e+09
0	6.32935e+09
0	6.32932e+09
0	6.32928e+09
0	6.32925e+09
0	6.32922e+09
0	6.32918e+09
0	6.32915e+09
0	6.32911e+09
0	6.32908e+09
0	6.32904e+09
0	6.329e+09
0	6.32896e+09
0	6.32892e+09
0	6.32888e+09
0	6.32884e+09
0	6.3288e+09
0	6.32876e+09
0	6.32871e+09
0	6.32867e+09
0	6.32862e+09
0	6.32858e+09
0	6.32853e+09
0	6.32849e+09
0	6.32844e+09
0	6.32839e+09
0	6.32834e+09
0	6.32829e+09
0	6.32824e+09
0	6.32819e+09
0	6.32813e+09
0	6.32808e+09
0	6.32803e+09
0	6.32797e+09
0	6.32792e+09
0	6.32786e+09
0	6.32781e+09
0	6.32775e+09
0	6.32769e+09
0	6.32763e+09
0	6.32757e+09
0	6.32751e+09
0	6.32745e+09
0	6.32739e+09
0	6.32733e+09
0	6.32727e+09
0	6.32721e+09
0	6.32714e+09
0	6.32708e+09
0	6.32701e+09
0	6.32695e+09
0	6.32688e+09
0	6.32682e+09
0	6.32675e+09
0	6.32668e+09
0	6.32662e+09
0	6.32655e+09
0	6.32648e+09
0	6.32641e+09
0	6.32634e+09
0	6.32627e+09
0	6.3262e+09
0	6.32613e+09
0	6.32605e+09
0	6.32598e+09
0	6.32591e+09
0	6.32584e+09
0	6.32576e+09
0	6.32569e+09
0	6.32562e+09
0	6.32554e+09
0	6.32547e+09
0	6.32539e+09
0	6.32532e+09
0	6.32524e+09
0	6.32516e+09
0	6.32509e+09
0	6.32501e+09
0	6.32493e+09
0	6.32486e+09
0	6.32478e+09
0	6.3247e+09
0	6.32462e+09
0	6.32455e+09
0	6.32447e+09
0	6.32439e+09
0	6.32431e+09
0	6.32424e+09
0	6.32416e+09
0	6.32408e+09
0	6.324e+09
0	6.32393e+09
0	6.32385e+09
0	6.32377e+09
0	6.32369e+09
0	6.32362e+09
0	6.32354e+09
0	6.32346e+09
0	6.32338e+09
0	6.32331e+09
0	6.32323e+09
0	6.32316e+09
0	6.32308e+09
0	6.323e+09
0	6.32293e+09
0	6.32285e+09
0	6.32278e+09
0	6.3227e+09
0	6.32263e+09
0	6.32256e+09
0	6.32248e+09
0	6.32241e+09
0	6.32234e+09
0	6.32226e+09
0	6.32219e+09
0	6.32212e+09
0	6.32205e+09
0	6.32198e+09
0	6.32191e+09
0	6.32184e+09
0	6.32176e+09
0	6.32169e+09
0	6.32162e+09
0	6.32155e+09
0	6.32148e+09
0	6.32141e+09
0	6.32135e+09
0	6.32128e+09
0	6.32121e+09
0	6.32114e+09
0	6.32107e+09
0	6.321e+09
0	6.32093e+09
0	6.32086e+09
0	6.32079e+09
0	6.32072e+09
0	6.32066e+09
0	6.32059e+09
0	6.32052e+09
0	6.32045e+09
0	6.32038e+09
0	6.32031e+09
0	6.32024e+09
0	6.32017e+09
0	6.3201e+09
0	6.32003e+09
0	6.31996e+09
0	6.31989e+09
0	6.31982e+09
0	6.31975e+09
0	6.31968e+09
0	6.31961e+09
0	6.31954e+09
0	6.31947e+09
0	6.3194e+09
0	6.31933e+09
0	6.31925e+09
0	6.31918e+09
0	6.31911e+09
0	6.31904e+09
0	6.31896e+09
0	6.31889e+09
0	6.31882e+09
0	6.31874e+09
0	6.31867e+09
0	6.31859e+09
0	6.31852e+09
0	6.31844e+09
0	6.31837e+09
0	6.31829e+09
0	6.31822e+09
0	6.31814e+09
0	6.31807e+09
0	6.31799e+09
0	6.31791e+09
0	6.31784e+09
0	6.31776e+09
0	6.31768e+09
0	6.31761e+09
0	6.31753e+09
0	6.31745e+09
0	6.31737e+09
0	6.3173e+09
0	6.31722e+09
0	6.31714e+09
0	6.31706e+09
0	6.31698e+09
0	6.3169e+09
0	6.31683e+09
0	6.31675e+09
0	6.31667e+09
0	6.31659e+09
0	6.31651e+09
0	6.31643e+09
0	6.31636e+09
0	6.31628e+09
0	6.3162e+09
0	6.31612e+09
0	6.31605e+09
0	6.31597e+09
0	6.31589e+09
0	6.31581e+09
0	6.31574e+09
0	6.31566e+09
0	6.31559e+09
0	6.31551e+09
0	6.31544e+09
0	6.31536e+09
0	6.31529e+09
0	6.31521e+09
0	6.31514e+09
0	6.31507e+09
0	6.315e+09
0	6.31493e+09
0	6.31486e+09
0	6.31479e+09
0	6.31472e+09
0	6.31465e+09
0	6.31459e+09
0	6.31452e+09
0	6.31446e+09
0	6.31439e+09
0	6.31433e+09
0	6.31427e+09
0	6.31421e+09
0	6.31415e+09
0	6.3141e+09
0	6.31404e+09
0	6.31399e+09
0	6.31394e+09
0	6.31388e+09
0	6.31384e+09
0	6.31379e+09
0	6.31374e+09
0	6.3137e+09
0	6.31366e+09
0	6.31362e+09
0	6.31358e+09
0	6.31354e+09
0	6.31351e+09
0	6.31348e+09
0	6.31345e+09
0	6.31342e+09
0	6.3134e+09
0	6.31338e+09
0	6.31336e+09
0	6.31334e+09
0	6.31332e+09
0	6.31331e+09
0	6.3133e+09
0	6.31329e+09
0	6.31329e+09
0	6.31329e+09
0	6.31329e+09
0	6.31329e+09
0	6.3133e+09
0	6.31331e+09
0	6.31332e+09
0	6.31333e+09
0	6.31335e+09
0	6.31337e+09
0	6.31339e+09
0	6.31342e+09
0	6.31345e+09
0	6.31348e+09
0	6.31351e+09
0	6.31355e+09
0	6.31359e+09
0	6.31363e+09
0	6.31367e+09
0	6.31371e+09
0	6.31376e+09
0	6.31381e+09
0	6.31387e+09
0	6.31392e+09
0	6.31398e+09
0	6.31404e+09
0	6.3141e+09
0	6.31416e+09
0	6.31423e+09
0	6.31429e+09
0	6.31436e+09
0	6.31443e+09
0	6.31451e+09
0	6.31458e+09
0	6.31466e+09
0	6.31473e+09
0	6.31481e+09
0	6.31489e+09
0	6.31497e+09
0	6.31506e+09
0	6.31514e+09
0	6.31522e+09
0	6.31531e+09
0	6.3154e+09
0	6.31548e+09
0	6.31557e+09
0	6.31566e+09
0	6.31575e+09
0	6.31584e+09
0	6.31594e+09
0	6.31603e+09
0	6.31612e+09
0	6.31621e+09
0	6.31631e+09
0	6.3164e+09
0	6.3165e+09
0	6.31659e+09
0	6.31669e+09
0	6.31678e+09
0	6.31688e+09
0	6.31698e+09
0	6.31707e+09
0	6.31717e+09
0	6.31726e+09
0	6.31736e+09
0	6.31746e+09
0	6.31755e+09
0	6.31765e+09
0	6.31775e+09
0	6.31784e+09
0	6.31794e+09
0	6.31803e+09
0	6.31813e+09
0	6.31822e+09
0	6.31832e+09
0	6.31841e+09
0	6.31851e+09
0	6.3186e+09
0	6.31869e+09
0	6.31878e+09
0	6.31888e+09
0	6.31897e+09
0	6.31906e+09
0	6.31915e+09
0	6.31924e+09
0	6.31933e+09
0	6.31942e+09
0	6.31951e+09
0	6.3196e+09
0	6.31968e+09
0	6.31977e+09
0	6.31985e+09
0	6.31994e+09
0	6.32002e+09
0	6.32011e+09
0	6.32019e+09
0	6.32027e+09
0	6.32035e+09
0	6.32043e+09
0	6.32051e+09
0	6.32059e+09
0	6.32067e+09
0	6.32075e+09
0	6.32082e+09
0	6.3209e+09
0	6.32097e+09
0	6.32105e+09
0	6.32112e+09
0	6.32119e+09
0	6.32126e+09
0	6.32133e+09
0	6.3214e+09
0	6.32147e+09
0	6.32154e+09
0	6.3216e+09
0	6.32167e+09
0	6.32173e+09
0	6.32179e+09
0	6.32185e+09
0	6.32192e+09
0	6.32198e+09
0	6.32203e+09
0	6.32209e+09
0	6.32215e+09
0	6.3222e+09
0	6.32226e+09
0	6.32231e+09
0	6.32237e+09
0	6.32242e+09
0	6.32247e+09
0	6.32252e+09
0	6.32256e+09
0	6.32261e+09
0	6.32266e+09
0	6.3227e+09
0	6.32274e+09
0	6.32279e+09
0	6.32283e+09
0	6.32287e+09
0	6.32291e+09
0	6.32294e+09
0	6.32298e+09
0	6.32302e+09
0	6.32305e+09
0	6.32308e+09
0	6.32312e+09
0	6.32315e+09
0	6.32318e+09
0	6.3232e+09
0	6.32323e+09
0	6.32326e+09
0	6.32328e+09
0	6.3233e+09
0	6.32333e+09
0	6.32335e+09
0	6.32337e+09
0	6.32339e+09
0	6.3234e+09
0	6.32342e+09
0	6.32343e+09
0	6.32345e+09
0	6.32346e+09
0	6.32347e+09
0	6.32348e+09
0	6.32349e+09
0	6.32349e+09
0	6.3235e+09
0	6.3235e+09
0	6.32351e+09
0	6.32351e+09
0	6.32351e+09
0	6.32351e+09
0	6.3235e+09
0	6.3235e+09
0	6.3235e+09
0	6.32349e+09
0	6.32348e+09
0	6.32347e+09
0	6.32346e+09
0	6.32345e+09
0	6.32344e+09
0	6.32342e+09
0	6.32341e+09
0	6.32339e+09
0	6.32337e+09
0	6.32335e+09
0	6.32333e+09
0	6.32331e+09
0	6.32329e+09
0	6.32326e+09
0	6.32323e+09
0	6.3232e+09
0	6.32317e+09
0	6.32314e+09
0	6.32311e+09
0	6.32308e+09
0	6.32304e+09
0	6.32301e+09
0	6.32297e+09
0	6.32293e+09
0	6.32289e+09
0	6.32284e+09
0	6.3228e+09
0	6.32275e+09
0	6.32271e+09
0	6.32266e+09
0	6.32261e+09
0	6.32256e+09
0	6.3225e+09
0	6.32245e+09
0	6.32239e+09
0	6.32234e+09
0	6.32228e+09
0	6.32222e+09
0	6.32215e+09
0	6.32209e+09
0	6.32203e+09
0	6.32196e+09
0	6.32189e+09
0	6.32182e+09
0	6.32175e+09
0	6.32168e+09
0	6.3216e+09
0	6.32153e+09
0	6.32145e+09
0	6.32137e+09
0	6.32129e+09
0	6.32121e+09
0	6.32112e+09
0	6.32104e+09
0	6.32095e+09
0	6.32086e+09
0	6.32077e+09
0	6.32068e+09
0	6.32059e+09
0	6.32049e+09
0	6.32039e+09
0	6.3203e+09
0	6.3202e+09
0	6.32009e+09
0	6.31999e+09
0	6.31989e+09
0	6.31978e+09
0	6.31967e+09
0	6.31956e+09
0	6.31945e+09
0	6.31934e+09
0	6.31922e+09
0	6.3191e+09
0	6.31899e+09
0	6.31887e+09
0	6.31874e+09
0	6.31862e+09
0	6.3185e+09
0	6.31837e+09
0	6.31824e+09
0	6.31811e+09
0	6.31798e+09
0	6.31785e+09
0	6.31771e+09
0	6.31757e+09
0	6.31743e+09
0	6.31729e+09
0	6.31715e+09
0	6.31701e+09
0	6.31686e+09
0	6.31671e+09
0	6.31657e+09
0	6.31641e+09
0	6.31626e+09
0	6.31611e+09
0	6.31595e+09
0	6.31579e+09
0	6.31563e+09
0	6.31547e+09
0	6.31531e+09
0	6.31515e+09
0	6.31498e+09
0	6.31481e+09
0	6.31464e+09
0	6.31447e+09
0	6.3143e+09
0	6.31412e+09
0	6.31394e+09
0	6.31377e+09
0	6.31359e+09
0	6.3134e+09
0	6.31322e+09
0	6.31303e+09
0	6.31285e+09
0	6.31266e+09
0	6.31247e+09
0	6.31228e+09
0	6.31208e+09
0	6.31189e+09
0	6.31169e+09
0	6.31149e+09
0	6.31129e+09
0	6.31109e+09
0	6.31088e+09
0	6.31068e+09
0	6.31047e+09
0	6.31026e+09
0	6.31005e+09
0	6.30984e+09
0	6.30963e+09
0	6.30941e+09
0	6.3092e+09
0	6.30898e+09
0	6.30876e+09
0	6.30854e+09
0	6.30832e+09
0	6.3081e+09
0	6.30787e+09
0	6.30764e+09
0	6.30742e+09
0	6.30719e+09
0	6.30696e+09
0	6.30672e+09
0	6.30649e+09
0	6.30626e+09
0	6.30602e+09
0	6.30579e+09
0	6.30555e+09
0	6.30531e+09
0	6.30507e+09
0	6.30483e+09
0	6.30459e+09
0	6.30435e+09
0	6.3041e+09
0	6.30386e+09
0	6.30361e+09
0	6.30337e+09
0	6.30312e+09
0	6.30288e+09
0	6.30263e+09
0	6.30238e+09
0	6.30213e+09
0	6.30189e+09
0	6.30164e+09
0	6.30139e+09
0	6.30114e+09
0	6.30089e+09
0	6.30065e+09
0	6.3004e+09
0	6.30015e+09
0	6.29991e+09
0	6.29966e+09
0	6.29942e+09
0	6.29917e+09
0	6.29893e+09
0	6.29869e+09
0	6.29845e+09
0	6.29821e+09
0	6.29798e+09
0	6.29775e+09
0	6.29752e+09
0	6.29729e+09
0	6.29706e+09
0	6.29684e+09
0	6.29663e+09
0	6.29641e+09
0	6.2962e+09
0	6.296e+09
0	6.2958e+09
0	6.29561e+09
0	6.29542e+09
0	6.29524e+09
0	6.29506e+09
0	6.29489e+09
0	6.29472e+09
0	6.29457e+09
0	6.29441e+09
0	6.29427e+09
0	6.29413e+09
0	6.29399e+09
0	6.29386e+09
0	6.29373e+09
0	6.29361e+09
0	6.29349e+09
0	6.29337e+09
0	6.29326e+09
0	6.29315e+09
0	6.29304e+09
0	6.29294e+09
0	6.29284e+09
0	6.29274e+09
0	6.29264e+09
0	6.29254e+09
0	6.29244e+09
0	6.29235e+09
0	6.29225e+09
0	6.29216e+09
0	6.29206e+09
0	6.29197e+09
0	6.29187e+09
0	6.29178e+09
0	6.29169e+09
0	6.2916e+09
0	6.2915e+09
0	6.29141e+09
0	6.29132e+09
0	6.29122e+09
0	6.29113e+09
0	6.29104e+09
0	6.29094e+09
0	6.29085e+09
0	6.29075e+09
0	6.29066e+09
0	6.29056e+09
0	6.29046e+09
0	6.29037e+09
0	6.29027e+09
0	6.29017e+09
0	6.29007e+09
0	6.28997e+09
0	6.28987e+09
0	6.28977e+09
0	6.28967e+09
0	6.28957e+09
0	6.28947e+09
0	6.28937e+09
0	6.28927e+09
0	6.28916e+09
0	6.28906e+09
0	6.28896e+09
0	6.28885e+09
0	6.28875e+09
0	6.28865e+09
0	6.28854e+09
0	6.28844e+09
0	6.28833e+09
0	6.28823e+09
0	6.28813e+09
0	6.28802e+09
0	6.28792e+09
0	6.28782e+09
0	6.28772e+09
0	6.28762e+09
0	6.28752e+09
0	6.28742e+09
0	6.28732e+09
