0,1
0.05001,1
0.10002,1
0.15003,1
0.20004,1
0.25005,1
0.30006,1
0.35007,1
0.40008,1
0.45009,1
0.5001,0.99
0.55011,0.99
0.60012,0.99
0.65013,0.99
0.70014,0.99
0.75015,0.99
0.80016,0.99
0.85017,0.99
0.90018,0.99
0.95019,0.99
1.0002,0.99
1.05021,0.99
1.10022,0.99
1.15023,0.99
1.20024,0.99
1.25025,0.99
1.30026,0.99
1.35027,0.99
1.40028,0.99
1.45029,0.99
1.5003,0.99
1.55031,0.99
1.60032,0.99
1.65033,0.99
1.70034,0.99
1.75035,0.99
1.80036,0.99
1.85037,0.99
1.90038,0.99
1.95039,0.99
2.0004,0.99
2.05041,0.99
2.10042,0.99
2.15043,0.99
2.20044,0.99
2.25045,0.99
2.30046,0.99
2.35047,0.99
2.40048,0.99
2.45049,0.99
2.5005,0.99
2.55051,0.99
2.60052,0.99
2.65053,0.99
2.70054,0.99
2.75055,0.99
2.80056,0.99
2.85057,0.99
2.90058,0.98
2.95059,0.98
3.0006,0.98
3.05061,0.98
3.10062,0.98
3.15063,0.98
3.20064,0.98
3.25065,0.97
3.30066,0.97
3.35067,0.97
3.40068,0.97
3.45069,0.97
3.5007,0.97
3.55071,0.96
3.60072,0.96
3.65073,0.96
3.70074,0.96
3.75075,0.96
3.80076,0.96
3.85077,0.96
3.90078,0.96
3.95079,0.96
4.0008,0.96
4.05081,0.96
4.10082,0.96
4.15083,0.96
4.20084,0.96
4.25085,0.96
4.30086,0.96
4.35087,0.96
4.40088,0.96
4.45089,0.96
4.5009,0.96
4.55091,0.96
4.60092,0.96
4.65093,0.96
4.70094,0.96
4.75095,0.96
4.80096,0.96
4.85097,0.96
4.90098,0.96
4.95099,0.96
5.001,0.96
5.05101,0.96
5.10102,0.96
5.15103,0.96
5.20104,0.96
5.25105,0.96
5.30106,0.96
5.35107,0.96
5.40108,0.96
5.45109,0.96
5.5011,0.96
5.55111,0.96
5.60112,0.96
5.65113,0.96
5.70114,0.96
5.75115,0.96
5.80116,0.96
5.85117,0.96
5.90118,0.96
5.95119,0.96
6.0012,0.96
6.05121,0.96
6.10122,0.96
6.15123,0.96
6.20124,0.96
6.25125,0.96
6.30126,0.96
6.35127,0.96
6.40128,0.96
6.45129,0.96
6.5013,0.96
6.55131,0.96
6.60132,0.96
6.65133,0.96
6.70134,0.96
6.75135,0.96
6.80136,0.96
6.85137,0.96
6.90138,0.96
6.95139,0.96
7.0014,0.96
7.05141,0.96
7.10142,0.96
7.15143,0.96
7.20144,0.96
7.25145,0.96
7.30146,0.96
7.35147,0.96
7.40148,0.96
7.45149,0.96
7.5015,0.95
7.55151,0.95
7.60152,0.95
7.65153,0.95
7.70154,0.95
7.75155,0.95
7.80156,0.95
7.85157,0.95
7.90158,0.95
7.95159,0.95
8.0016,0.95
8.05161,0.95
8.10162,0.95
8.15163,0.95
8.20164,0.95
8.25165,0.95
8.30166,0.95
8.35167,0.95
8.40168,0.95
8.45169,0.95
8.5017,0.95
8.55171,0.95
8.60172,0.95
8.65173,0.95
8.70174,0.95
8.75175,0.95
8.80176,0.95
8.85177,0.95
8.90178,0.95
8.95179,0.95
9.0018,0.95
9.05181,0.95
9.10182,0.95
9.15183,0.95
9.20184,0.95
9.25185,0.95
9.30186,0.95
9.35187,0.95
9.40188,0.94
9.45189,0.94
9.5019,0.94
9.55191,0.94
9.60192,0.94
9.65193,0.94
9.70194,0.94
9.75195,0.94
9.80196,0.94
9.85197,0.94
9.90198,0.94
9.95199,0.94
10.002,0.94
10.052,0.94
10.102,0.94
10.152,0.94
10.202,0.94
10.2521,0.94
10.3021,0.94
10.3521,0.94
10.4021,0.94
10.4521,0.94
10.5021,0.94
10.5521,0.94
10.6021,0.94
10.6521,0.94
10.7021,0.94
10.7522,0.94
10.8022,0.94
10.8522,0.94
10.9022,0.94
10.9522,0.94
11.0022,0.94
11.0522,0.94
11.1022,0.94
11.1522,0.94
11.2022,0.94
11.2523,0.94
11.3023,0.94
11.3523,0.94
11.4023,0.94
11.4523,0.94
11.5023,0.94
11.5523,0.94
11.6023,0.94
11.6523,0.94
11.7023,0.94
11.7524,0.94
11.8024,0.94
11.8524,0.94
11.9024,0.94
11.9524,0.94
12.0024,0.93
12.0524,0.93
12.1024,0.93
12.1524,0.93
12.2024,0.93
12.2525,0.93
12.3025,0.93
12.3525,0.93
12.4025,0.93
12.4525,0.93
12.5025,0.93
12.5525,0.93
12.6025,0.93
12.6525,0.93
12.7025,0.93
12.7526,0.93
12.8026,0.93
12.8526,0.93
12.9026,0.93
12.9526,0.93
13.0026,0.93
13.0526,0.93
13.1026,0.93
13.1526,0.93
13.2026,0.93
13.2527,0.93
13.3027,0.93
13.3527,0.93
13.4027,0.93
13.4527,0.93
13.5027,0.93
13.5527,0.93
13.6027,0.93
13.6527,0.93
13.7027,0.93
13.7528,0.93
13.8028,0.93
13.8528,0.93
13.9028,0.93
13.9528,0.93
14.0028,0.93
14.0528,0.93
14.1028,0.93
14.1528,0.93
14.2028,0.93
14.2529,0.93
14.3029,0.93
14.3529,0.93
14.4029,0.93
14.4529,0.93
14.5029,0.93
14.5529,0.93
14.6029,0.93
14.6529,0.93
14.7029,0.93
14.753,0.93
14.803,0.93
14.853,0.93
14.903,0.93
14.953,0.93
15.003,0.93
15.053,0.93
15.103,0.94
15.153,0.94
15.203,0.94
15.2531,0.94
15.3031,0.94
15.3531,0.94
15.4031,0.94
15.4531,0.94
15.5031,0.94
15.5531,0.94
15.6031,0.94
15.6531,0.94
15.7031,0.94
15.7532,0.94
15.8032,0.94
15.8532,0.94
15.9032,0.94
15.9532,0.94
16.0032,0.94
16.0532,0.94
16.1032,0.94
16.1532,0.94
16.2032,0.94
16.2533,0.94
16.3033,0.94
16.3533,0.94
16.4033,0.94
16.4533,0.94
16.5033,0.94
16.5533,0.94
16.6033,0.94
16.6533,0.94
16.7033,0.94
16.7534,0.94
16.8034,0.94
16.8534,0.94
16.9034,0.94
16.9534,0.94
17.0034,0.94
17.0534,0.94
17.1034,0.94
17.1534,0.94
17.2034,0.94
17.2535,0.94
17.3035,0.94
17.3535,0.94
17.4035,0.94
17.4535,0.94
17.5035,0.94
17.5535,0.94
17.6035,0.94
17.6535,0.94
17.7035,0.94
17.7536,0.94
17.8036,0.94
17.8536,0.94
17.9036,0.94
17.9536,0.94
18.0036,0.94
18.0536,0.94
18.1036,0.94
18.1536,0.94
18.2036,0.94
18.2537,0.94
18.3037,0.94
18.3537,0.94
18.4037,0.94
18.4537,0.94
18.5037,0.94
18.5537,0.94
18.6037,0.94
18.6537,0.94
18.7037,0.94
18.7538,0.94
18.8038,0.94
18.8538,0.94
18.9038,0.94
18.9538,0.94
19.0038,0.94
19.0538,0.94
19.1038,0.94
19.1538,0.94
19.2038,0.94
19.2539,0.94
19.3039,0.94
19.3539,0.94
19.4039,0.94
19.4539,0.94
19.5039,0.94
19.5539,0.94
19.6039,0.94
19.6539,0.94
19.7039,0.94
19.754,0.94
19.804,0.94
19.854,0.94
19.904,0.94
19.954,0.94
20.004,0.94
20.054,0.93
20.104,0.93
20.154,0.93
20.204,0.93
20.254,0.93
20.3041,0.93
20.3541,0.93
20.4041,0.93
20.4541,0.93
20.5041,0.93
20.5541,0.93
20.6041,0.93
20.6541,0.93
20.7041,0.93
20.7541,0.93
20.8042,0.93
20.8542,0.93
20.9042,0.93
20.9542,0.93
21.0042,0.93
21.0542,0.93
21.1042,0.93
21.1542,0.93
21.2042,0.93
21.2542,0.93
21.3043,0.93
21.3543,0.93
21.4043,0.93
21.4543,0.93
21.5043,0.93
21.5543,0.93
21.6043,0.93
21.6543,0.93
21.7043,0.93
21.7543,0.93
21.8044,0.93
21.8544,0.93
21.9044,0.93
21.9544,0.93
22.0044,0.93
22.0544,0.93
22.1044,0.93
22.1544,0.93
22.2044,0.93
22.2544,0.93
22.3045,0.93
22.3545,0.93
22.4045,0.93
22.4545,0.93
22.5045,0.93
22.5545,0.93
22.6045,0.93
22.6545,0.93
22.7045,0.93
22.7545,0.93
22.8046,0.93
22.8546,0.93
22.9046,0.93
22.9546,0.93
23.0046,0.93
23.0546,0.93
23.1046,0.93
23.1546,0.93
23.2046,0.93
23.2546,0.93
23.3047,0.93
23.3547,0.93
23.4047,0.93
23.4547,0.93
23.5047,0.93
23.5547,0.93
23.6047,0.93
23.6547,0.93
23.7047,0.93
23.7547,0.93
23.8048,0.93
23.8548,0.93
23.9048,0.93
23.9548,0.93
24.0048,0.94
24.0548,0.94
24.1048,0.94
24.1548,0.94
24.2048,0.94
24.2548,0.94
24.3049,0.94
24.3549,0.94
24.4049,0.94
24.4549,0.94
24.5049,0.94
24.5549,0.94
24.6049,0.94
24.6549,0.94
24.7049,0.94
24.7549,0.94
24.805,0.94
24.855,0.94
24.905,0.94
24.955,0.94
25.005,0.94
25.055,0.94
25.105,0.94
25.155,0.94
25.205,0.94
25.255,0.94
25.3051,0.94
25.3551,0.94
25.4051,0.94
25.4551,0.94
25.5051,0.94
25.5551,0.94
25.6051,0.94
25.6551,0.94
25.7051,0.94
25.7551,0.94
25.8052,0.94
25.8552,0.94
25.9052,0.94
25.9552,0.94
26.0052,0.94
26.0552,0.94
26.1052,0.94
26.1552,0.94
26.2052,0.94
26.2552,0.94
26.3053,0.94
26.3553,0.94
26.4053,0.94
26.4553,0.94
26.5053,0.94
26.5553,0.94
26.6053,0.94
26.6553,0.94
26.7053,0.94
26.7553,0.94
26.8054,0.94
26.8554,0.94
26.9054,0.94
26.9554,0.94
27.0054,0.94
27.0554,0.94
27.1054,0.94
27.1554,0.94
27.2054,0.94
27.2554,0.94
27.3055,0.94
27.3555,0.94
27.4055,0.94
27.4555,0.94
27.5055,0.94
27.5555,0.94
27.6055,0.94
27.6555,0.94
27.7055,0.94
27.7555,0.94
27.8056,0.94
27.8556,0.94
27.9056,0.94
27.9556,0.94
28.0056,0.93
28.0556,0.93
28.1056,0.93
28.1556,0.93
28.2056,0.93
28.2556,0.93
28.3057,0.93
28.3557,0.92
28.4057,0.92
28.4557,0.92
28.5057,0.92
28.5557,0.92
28.6057,0.92
28.6557,0.92
28.7057,0.92
28.7557,0.92
28.8058,0.92
28.8558,0.92
28.9058,0.92
28.9558,0.92
29.0058,0.92
29.0558,0.91
29.1058,0.91
29.1558,0.91
29.2058,0.91
29.2558,0.91
29.3059,0.91
29.3559,0.91
29.4059,0.91
29.4559,0.91
29.5059,0.91
29.5559,0.91
29.6059,0.91
29.6559,0.91
29.7059,0.91
29.7559,0.91
29.806,0.91
29.856,0.91
29.906,0.91
29.956,0.91
30.006,0.91
30.056,0.91
30.106,0.91
30.156,0.91
30.206,0.91
30.256,0.91
30.3061,0.91
30.3561,0.9
30.4061,0.9
30.4561,0.9
30.5061,0.9
30.5561,0.9
30.6061,0.9
30.6561,0.9
30.7061,0.9
30.7561,0.9
30.8062,0.9
30.8562,0.9
30.9062,0.9
30.9562,0.9
31.0062,0.9
31.0562,0.9
31.1062,0.9
31.1562,0.9
31.2062,0.9
31.2562,0.9
31.3063,0.9
31.3563,0.9
31.4063,0.9
31.4563,0.9
31.5063,0.9
31.5563,0.9
31.6063,0.9
31.6563,0.9
31.7063,0.9
31.7563,0.9
31.8064,0.9
31.8564,0.9
31.9064,0.9
31.9564,0.9
32.0064,0.9
32.0564,0.9
32.1064,0.9
32.1564,0.9
32.2064,0.9
32.2564,0.9
32.3065,0.9
32.3565,0.9
32.4065,0.9
32.4565,0.9
32.5065,0.9
32.5565,0.9
32.6065,0.9
32.6565,0.9
32.7065,0.9
32.7565,0.9
32.8066,0.9
32.8566,0.9
32.9066,0.9
32.9566,0.9
33.0066,0.9
33.0566,0.9
33.1066,0.9
33.1566,0.9
33.2066,0.9
33.2566,0.9
33.3067,0.9
33.3567,0.9
33.4067,0.89
33.4567,0.89
33.5067,0.89
33.5567,0.89
33.6067,0.89
33.6567,0.89
33.7067,0.89
33.7567,0.89
33.8068,0.89
33.8568,0.89
33.9068,0.89
33.9568,0.89
34.0068,0.89
34.0568,0.89
34.1068,0.89
34.1568,0.89
34.2068,0.89
34.2568,0.89
34.3069,0.89
34.3569,0.89
34.4069,0.89
34.4569,0.89
34.5069,0.89
34.5569,0.89
34.6069,0.89
34.6569,0.89
34.7069,0.88
34.7569,0.88
34.807,0.88
34.857,0.88
34.907,0.88
34.957,0.88
35.007,0.88
35.057,0.88
35.107,0.88
35.157,0.88
35.207,0.88
35.257,0.88
35.3071,0.88
35.3571,0.88
35.4071,0.88
35.4571,0.88
35.5071,0.88
35.5571,0.88
35.6071,0.88
35.6571,0.88
35.7071,0.87
35.7571,0.87
35.8072,0.87
35.8572,0.87
35.9072,0.87
35.9572,0.87
36.0072,0.87
36.0572,0.87
36.1072,0.87
36.1572,0.87
36.2072,0.87
36.2572,0.87
36.3073,0.87
36.3573,0.87
36.4073,0.87
36.4573,0.87
36.5073,0.87
36.5573,0.87
36.6073,0.87
36.6573,0.87
36.7073,0.87
36.7573,0.87
36.8074,0.87
36.8574,0.87
36.9074,0.87
36.9574,0.87
37.0074,0.87
37.0574,0.87
37.1074,0.87
37.1574,0.87
37.2074,0.87
37.2574,0.87
37.3075,0.87
37.3575,0.87
37.4075,0.86
37.4575,0.86
37.5075,0.86
37.5575,0.86
37.6075,0.86
37.6575,0.86
37.7075,0.86
37.7576,0.86
37.8076,0.86
37.8576,0.86
37.9076,0.86
37.9576,0.86
38.0076,0.86
38.0576,0.86
38.1076,0.86
38.1576,0.86
38.2076,0.86
38.2577,0.86
38.3077,0.86
38.3577,0.86
38.4077,0.86
38.4577,0.86
38.5077,0.86
38.5577,0.86
38.6077,0.86
38.6577,0.86
38.7077,0.86
38.7578,0.86
38.8078,0.86
38.8578,0.86
38.9078,0.86
38.9578,0.86
39.0078,0.86
39.0578,0.86
39.1078,0.86
39.1578,0.86
39.2078,0.86
39.2579,0.86
39.3079,0.86
39.3579,0.86
39.4079,0.86
39.4579,0.86
39.5079,0.86
39.5579,0.86
39.6079,0.86
39.6579,0.85
39.7079,0.85
39.758,0.85
39.808,0.85
39.858,0.85
39.908,0.85
39.958,0.85
40.008,0.85
40.058,0.85
40.108,0.85
40.158,0.85
40.208,0.85
40.2581,0.85
40.3081,0.85
40.3581,0.85
40.4081,0.85
40.4581,0.85
40.5081,0.85
40.5581,0.85
40.6081,0.85
40.6581,0.85
40.7081,0.85
40.7582,0.85
40.8082,0.85
40.8582,0.85
40.9082,0.85
40.9582,0.85
41.0082,0.85
41.0582,0.85
41.1082,0.85
41.1582,0.85
41.2082,0.85
41.2583,0.85
41.3083,0.85
41.3583,0.85
41.4083,0.85
41.4583,0.85
41.5083,0.85
41.5583,0.85
41.6083,0.85
41.6583,0.85
41.7083,0.85
41.7584,0.85
41.8084,0.85
41.8584,0.85
41.9084,0.85
41.9584,0.85
42.0084,0.85
42.0584,0.85
42.1084,0.85
42.1584,0.85
42.2084,0.85
42.2585,0.85
42.3085,0.85
42.3585,0.85
42.4085,0.85
42.4585,0.85
42.5085,0.85
42.5585,0.85
42.6085,0.85
42.6585,0.85
42.7085,0.85
42.7586,0.85
42.8086,0.85
42.8586,0.85
42.9086,0.85
42.9586,0.85
43.0086,0.85
43.0586,0.85
43.1086,0.85
43.1586,0.85
43.2086,0.85
43.2587,0.85
43.3087,0.85
43.3587,0.85
43.4087,0.85
43.4587,0.85
43.5087,0.85
43.5587,0.85
43.6087,0.85
43.6587,0.85
43.7087,0.84
43.7588,0.84
43.8088,0.84
43.8588,0.84
43.9088,0.84
43.9588,0.84
44.0088,0.84
44.0588,0.84
44.1088,0.84
44.1588,0.84
44.2088,0.84
44.2589,0.84
44.3089,0.84
44.3589,0.84
44.4089,0.84
44.4589,0.84
44.5089,0.84
44.5589,0.84
44.6089,0.84
44.6589,0.84
44.7089,0.84
44.759,0.84
44.809,0.84
44.859,0.84
44.909,0.84
44.959,0.84
45.009,0.84
45.059,0.84
45.109,0.83
45.159,0.83
45.209,0.83
45.2591,0.83
45.3091,0.83
45.3591,0.83
45.4091,0.83
45.4591,0.83
45.5091,0.83
45.5591,0.83
45.6091,0.83
45.6591,0.83
45.7091,0.83
45.7592,0.83
45.8092,0.83
45.8592,0.83
45.9092,0.83
45.9592,0.83
46.0092,0.83
46.0592,0.83
46.1092,0.83
46.1592,0.83
46.2092,0.83
46.2593,0.83
46.3093,0.83
46.3593,0.83
46.4093,0.83
46.4593,0.83
46.5093,0.83
46.5593,0.83
46.6093,0.83
46.6593,0.82
46.7093,0.82
46.7594,0.82
46.8094,0.82
46.8594,0.82
46.9094,0.82
46.9594,0.82
47.0094,0.82
47.0594,0.82
47.1094,0.82
47.1594,0.82
47.2094,0.82
47.2595,0.82
47.3095,0.82
47.3595,0.82
47.4095,0.82
47.4595,0.82
47.5095,0.82
47.5595,0.82
47.6095,0.82
47.6595,0.82
47.7095,0.82
47.7596,0.82
47.8096,0.82
47.8596,0.82
47.9096,0.82
47.9596,0.82
48.0096,0.82
48.0596,0.82
48.1096,0.82
48.1596,0.82
48.2096,0.82
48.2597,0.82
48.3097,0.82
48.3597,0.82
48.4097,0.82
48.4597,0.82
48.5097,0.82
48.5597,0.82
48.6097,0.82
48.6597,0.82
48.7097,0.82
48.7598,0.82
48.8098,0.82
48.8598,0.82
48.9098,0.82
48.9598,0.82
49.0098,0.82
49.0598,0.82
49.1098,0.82
49.1598,0.81
49.2098,0.81
49.2599,0.81
49.3099,0.81
49.3599,0.81
49.4099,0.81
49.4599,0.81
49.5099,0.81
49.5599,0.81
49.6099,0.81
49.6599,0.81
49.7099,0.81
49.76,0.81
49.81,0.81
49.86,0.81
49.91,0.81
49.96,0.81
50.01,0.81
50.06,0.81
50.11,0.81
50.16,0.81
50.21,0.81
50.2601,0.81
50.3101,0.81
50.3601,0.81
50.4101,0.81
50.4601,0.81
50.5101,0.81
50.5601,0.81
50.6101,0.81
50.6601,0.81
50.7101,0.81
50.7602,0.81
50.8102,0.81
50.8602,0.81
50.9102,0.81
50.9602,0.81
51.0102,0.81
51.0602,0.81
51.1102,0.81
51.1602,0.81
51.2102,0.81
51.2603,0.81
51.3103,0.81
51.3603,0.81
51.4103,0.81
51.4603,0.81
51.5103,0.81
51.5603,0.81
51.6103,0.81
51.6603,0.81
51.7103,0.81
51.7604,0.82
51.8104,0.82
51.8604,0.82
51.9104,0.82
51.9604,0.82
52.0104,0.82
52.0604,0.82
52.1104,0.82
52.1604,0.82
52.2104,0.82
52.2605,0.82
52.3105,0.82
52.3605,0.82
52.4105,0.82
52.4605,0.82
52.5105,0.82
52.5605,0.82
52.6105,0.82
52.6605,0.82
52.7105,0.82
52.7606,0.82
52.8106,0.82
52.8606,0.82
52.9106,0.82
52.9606,0.82
53.0106,0.82
53.0606,0.82
53.1106,0.82
53.1606,0.82
53.2106,0.82
53.2607,0.82
53.3107,0.82
53.3607,0.82
53.4107,0.82
53.4607,0.82
53.5107,0.82
53.5607,0.82
53.6107,0.82
53.6607,0.82
53.7107,0.82
53.7608,0.82
53.8108,0.82
53.8608,0.82
53.9108,0.82
53.9608,0.82
54.0108,0.82
54.0608,0.82
54.1108,0.82
54.1608,0.82
54.2108,0.82
54.2609,0.82
54.3109,0.82
54.3609,0.82
54.4109,0.82
54.4609,0.82
54.5109,0.82
54.5609,0.82
54.6109,0.82
54.6609,0.82
54.7109,0.82
54.761,0.82
54.811,0.82
54.861,0.82
54.911,0.82
54.961,0.82
55.011,0.82
55.061,0.82
55.111,0.82
55.161,0.82
55.211,0.82
55.2611,0.82
55.3111,0.82
55.3611,0.82
55.4111,0.82
55.4611,0.82
55.5111,0.82
55.5611,0.82
55.6111,0.82
55.6611,0.82
55.7111,0.82
55.7612,0.82
55.8112,0.82
55.8612,0.82
55.9112,0.82
55.9612,0.82
56.0112,0.82
56.0612,0.82
56.1112,0.82
56.1612,0.82
56.2112,0.82
56.2613,0.82
56.3113,0.82
56.3613,0.82
56.4113,0.82
56.4613,0.82
56.5113,0.82
56.5613,0.82
56.6113,0.82
56.6613,0.82
56.7113,0.82
56.7614,0.82
56.8114,0.82
56.8614,0.82
56.9114,0.82
56.9614,0.82
57.0114,0.82
57.0614,0.82
57.1114,0.82
57.1614,0.81
57.2114,0.8
57.2615,0.8
57.3115,0.8
57.3615,0.8
57.4115,0.8
57.4615,0.8
57.5115,0.8
57.5615,0.8
57.6115,0.8
57.6615,0.8
57.7115,0.8
57.7616,0.8
57.8116,0.8
57.8616,0.8
57.9116,0.8
57.9616,0.8
58.0116,0.8
58.0616,0.8
58.1116,0.8
58.1616,0.8
58.2116,0.8
58.2617,0.8
58.3117,0.8
58.3617,0.8
58.4117,0.8
58.4617,0.8
58.5117,0.8
58.5617,0.8
58.6117,0.8
58.6617,0.8
58.7117,0.8
58.7618,0.8
58.8118,0.8
58.8618,0.8
58.9118,0.8
58.9618,0.8
59.0118,0.8
59.0618,0.8
59.1118,0.79
59.1618,0.79
59.2118,0.79
59.2619,0.79
59.3119,0.79
59.3619,0.79
59.4119,0.79
59.4619,0.79
59.5119,0.79
59.5619,0.79
59.6119,0.79
59.6619,0.79
59.7119,0.79
59.762,0.79
59.812,0.79
59.862,0.79
59.912,0.79
59.962,0.79
60.012,0.79
60.062,0.79
60.112,0.79
60.162,0.79
60.212,0.79
60.2621,0.79
60.3121,0.79
60.3621,0.79
60.4121,0.79
60.4621,0.79
60.5121,0.79
60.5621,0.79
60.6121,0.77
60.6621,0.77
60.7121,0.77
60.7622,0.77
60.8122,0.77
60.8622,0.77
60.9122,0.77
60.9622,0.77
61.0122,0.77
61.0622,0.77
61.1122,0.77
61.1622,0.77
61.2122,0.77
61.2623,0.77
61.3123,0.77
61.3623,0.77
61.4123,0.77
61.4623,0.77
61.5123,0.77
61.5623,0.77
61.6123,0.77
61.6623,0.77
61.7123,0.77
61.7624,0.77
61.8124,0.77
61.8624,0.77
61.9124,0.77
61.9624,0.77
62.0124,0.77
62.0624,0.77
62.1124,0.77
62.1624,0.77
62.2124,0.77
62.2625,0.77
62.3125,0.77
62.3625,0.77
62.4125,0.77
62.4625,0.77
62.5125,0.77
62.5625,0.77
62.6125,0.77
62.6625,0.77
62.7125,0.77
62.7626,0.77
62.8126,0.76
62.8626,0.76
62.9126,0.76
62.9626,0.76
63.0126,0.76
63.0626,0.76
63.1126,0.76
63.1626,0.76
63.2126,0.76
63.2627,0.76
63.3127,0.76
63.3627,0.76
63.4127,0.76
63.4627,0.76
63.5127,0.76
63.5627,0.76
63.6127,0.76
63.6627,0.76
63.7127,0.76
63.7628,0.76
63.8128,0.76
63.8628,0.76
63.9128,0.76
63.9628,0.76
64.0128,0.76
64.0628,0.76
64.1128,0.76
64.1628,0.76
64.2128,0.76
64.2629,0.76
64.3129,0.76
64.3629,0.76
64.4129,0.76
64.4629,0.76
64.5129,0.76
64.5629,0.76
64.6129,0.76
64.6629,0.76
64.7129,0.76
64.763,0.76
64.813,0.76
64.863,0.76
64.913,0.76
64.963,0.76
65.013,0.76
65.063,0.76
65.113,0.76
65.163,0.76
65.213,0.76
65.2631,0.76
65.3131,0.76
65.3631,0.76
65.4131,0.76
65.4631,0.76
65.5131,0.76
65.5631,0.76
65.6131,0.76
65.6631,0.76
65.7131,0.76
65.7632,0.76
65.8132,0.76
65.8632,0.76
65.9132,0.76
65.9632,0.76
66.0132,0.76
66.0632,0.76
66.1132,0.76
66.1632,0.76
66.2132,0.76
66.2633,0.76
66.3133,0.76
66.3633,0.76
66.4133,0.76
66.4633,0.76
66.5133,0.76
66.5633,0.76
66.6133,0.76
66.6633,0.76
66.7133,0.76
66.7634,0.76
66.8134,0.76
66.8634,0.76
66.9134,0.76
66.9634,0.76
67.0134,0.76
67.0634,0.76
67.1134,0.76
67.1634,0.76
67.2134,0.76
67.2635,0.76
67.3135,0.76
67.3635,0.76
67.4135,0.76
67.4635,0.76
67.5135,0.76
67.5635,0.76
67.6135,0.76
67.6635,0.76
67.7135,0.76
67.7636,0.76
67.8136,0.76
67.8636,0.76
67.9136,0.76
67.9636,0.76
68.0136,0.76
68.0636,0.76
68.1136,0.76
68.1636,0.75
68.2136,0.75
68.2637,0.75
68.3137,0.75
68.3637,0.75
68.4137,0.75
68.4637,0.75
68.5137,0.75
68.5637,0.75
68.6137,0.75
68.6637,0.75
68.7137,0.75
68.7638,0.75
68.8138,0.75
68.8638,0.75
68.9138,0.75
68.9638,0.75
69.0138,0.75
69.0638,0.75
69.1138,0.74
69.1638,0.74
69.2138,0.74
69.2639,0.74
69.3139,0.74
69.3639,0.74
69.4139,0.74
69.4639,0.74
69.5139,0.74
69.5639,0.74
69.6139,0.74
69.6639,0.74
69.7139,0.74
69.764,0.74
69.814,0.74
69.864,0.74
69.914,0.74
69.964,0.74
70.014,0.74
70.064,0.74
70.114,0.74
70.164,0.74
70.214,0.74
70.2641,0.74
70.3141,0.74
70.3641,0.74
70.4141,0.74
70.4641,0.74
70.5141,0.74
70.5641,0.74
70.6141,0.74
70.6641,0.74
70.7141,0.74
70.7642,0.74
70.8142,0.74
70.8642,0.74
70.9142,0.74
70.9642,0.74
71.0142,0.74
71.0642,0.74
71.1142,0.74
71.1642,0.74
71.2142,0.74
71.2643,0.74
71.3143,0.74
71.3643,0.74
71.4143,0.74
71.4643,0.74
71.5143,0.74
71.5643,0.74
71.6143,0.74
71.6643,0.74
71.7143,0.74
71.7644,0.74
71.8144,0.74
71.8644,0.74
71.9144,0.74
71.9644,0.74
72.0144,0.74
72.0644,0.74
72.1144,0.74
72.1644,0.74
72.2144,0.74
72.2645,0.74
72.3145,0.74
72.3645,0.74
72.4145,0.74
72.4645,0.74
72.5145,0.73
72.5645,0.73
72.6145,0.73
72.6645,0.73
72.7145,0.72
72.7646,0.72
72.8146,0.72
72.8646,0.72
72.9146,0.72
72.9646,0.72
73.0146,0.72
73.0646,0.72
73.1146,0.72
73.1646,0.72
73.2146,0.72
73.2647,0.72
73.3147,0.72
73.3647,0.72
73.4147,0.72
73.4647,0.72
73.5147,0.72
73.5647,0.72
73.6147,0.72
73.6647,0.72
73.7147,0.72
73.7648,0.72
73.8148,0.72
73.8648,0.72
73.9148,0.72
73.9648,0.72
74.0148,0.72
74.0648,0.72
74.1148,0.72
74.1648,0.72
74.2148,0.72
74.2649,0.72
74.3149,0.72
74.3649,0.72
74.4149,0.72
74.4649,0.72
74.5149,0.72
74.5649,0.72
74.6149,0.72
74.6649,0.72
74.7149,0.72
74.765,0.72
74.815,0.72
74.865,0.72
74.915,0.72
74.965,0.72
75.015,0.72
75.065,0.72
75.115,0.72
75.165,0.72
75.215,0.72
75.2651,0.72
75.3151,0.72
75.3651,0.72
75.4151,0.72
75.4651,0.72
75.5151,0.72
75.5651,0.72
75.6151,0.72
75.6651,0.72
75.7151,0.72
75.7652,0.72
75.8152,0.72
75.8652,0.72
75.9152,0.72
75.9652,0.72
76.0152,0.72
76.0652,0.72
76.1152,0.72
76.1652,0.72
76.2152,0.72
76.2653,0.72
76.3153,0.72
76.3653,0.72
76.4153,0.72
76.4653,0.73
76.5153,0.73
76.5653,0.73
76.6153,0.73
76.6653,0.73
76.7153,0.73
76.7654,0.73
76.8154,0.73
76.8654,0.73
76.9154,0.73
76.9654,0.73
77.0154,0.73
77.0654,0.73
77.1154,0.73
77.1654,0.73
77.2154,0.73
77.2655,0.73
77.3155,0.73
77.3655,0.73
77.4155,0.73
77.4655,0.73
77.5155,0.73
77.5655,0.73
77.6155,0.73
77.6655,0.73
77.7155,0.73
77.7655,0.73
77.8156,0.73
77.8656,0.73
77.9156,0.73
77.9656,0.73
78.0156,0.73
78.0656,0.73
78.1156,0.73
78.1656,0.73
78.2156,0.73
78.2656,0.73
78.3157,0.73
78.3657,0.73
78.4157,0.73
78.4657,0.73
78.5157,0.73
78.5657,0.73
78.6157,0.73
78.6657,0.73
78.7157,0.73
78.7657,0.73
78.8158,0.73
78.8658,0.73
78.9158,0.73
78.9658,0.73
79.0158,0.73
79.0658,0.73
79.1158,0.73
79.1658,0.73
79.2158,0.73
79.2658,0.73
79.3159,0.73
79.3659,0.73
79.4159,0.73
79.4659,0.73
79.5159,0.73
79.5659,0.73
79.6159,0.73
79.6659,0.73
79.7159,0.73
79.7659,0.73
79.816,0.73
79.866,0.73
79.916,0.73
79.966,0.73
80.016,0.73
80.066,0.73
80.116,0.73
80.166,0.73
80.216,0.73
80.266,0.73
80.3161,0.73
80.3661,0.73
80.4161,0.73
80.4661,0.73
80.5161,0.73
80.5661,0.73
80.6161,0.73
80.6661,0.73
80.7161,0.73
80.7661,0.73
80.8162,0.73
80.8662,0.73
80.9162,0.73
80.9662,0.73
81.0162,0.73
81.0662,0.73
81.1162,0.73
81.1662,0.73
81.2162,0.73
81.2662,0.73
81.3163,0.73
81.3663,0.72
81.4163,0.72
81.4663,0.72
81.5163,0.72
81.5663,0.72
81.6163,0.72
81.6663,0.72
81.7163,0.72
81.7663,0.72
81.8164,0.72
81.8664,0.72
81.9164,0.72
81.9664,0.72
82.0164,0.72
82.0664,0.72
82.1164,0.72
82.1664,0.72
82.2164,0.72
82.2664,0.72
82.3165,0.72
82.3665,0.72
82.4165,0.72
82.4665,0.72
82.5165,0.72
82.5665,0.72
82.6165,0.72
82.6665,0.72
82.7165,0.72
82.7665,0.72
82.8166,0.72
82.8666,0.72
82.9166,0.72
82.9666,0.72
83.0166,0.72
83.0666,0.72
83.1166,0.72
83.1666,0.72
83.2166,0.72
83.2666,0.72
83.3167,0.72
83.3667,0.72
83.4167,0.72
83.4667,0.72
83.5167,0.72
83.5667,0.72
83.6167,0.72
83.6667,0.72
83.7167,0.72
83.7667,0.72
83.8168,0.72
83.8668,0.72
83.9168,0.72
83.9668,0.72
84.0168,0.72
84.0668,0.73
84.1168,0.73
84.1668,0.73
84.2168,0.73
84.2668,0.73
84.3169,0.73
84.3669,0.73
84.4169,0.73
84.4669,0.73
84.5169,0.73
84.5669,0.73
84.6169,0.72
84.6669,0.72
84.7169,0.72
84.7669,0.72
84.817,0.72
84.867,0.72
84.917,0.72
84.967,0.72
85.017,0.72
85.067,0.72
85.117,0.72
85.167,0.72
85.217,0.72
85.267,0.72
85.3171,0.72
85.3671,0.72
85.4171,0.72
85.4671,0.72
85.5171,0.72
85.5671,0.72
85.6171,0.72
85.6671,0.71
85.7171,0.71
85.7671,0.71
85.8172,0.71
85.8672,0.71
85.9172,0.71
85.9672,0.71
86.0172,0.71
86.0672,0.71
86.1172,0.71
86.1672,0.71
86.2172,0.71
86.2672,0.71
86.3173,0.71
86.3673,0.71
86.4173,0.71
86.4673,0.71
86.5173,0.71
86.5673,0.71
86.6173,0.71
86.6673,0.71
86.7173,0.71
86.7673,0.71
86.8174,0.71
86.8674,0.71
86.9174,0.71
86.9674,0.71
87.0174,0.71
87.0674,0.71
87.1174,0.71
87.1674,0.71
87.2174,0.71
87.2674,0.71
87.3175,0.71
87.3675,0.71
87.4175,0.71
87.4675,0.71
87.5175,0.71
87.5675,0.71
87.6175,0.71
87.6675,0.71
87.7175,0.71
87.7675,0.71
87.8176,0.71
87.8676,0.71
87.9176,0.71
87.9676,0.71
88.0176,0.71
88.0676,0.71
88.1176,0.71
88.1676,0.71
88.2176,0.71
88.2676,0.71
88.3177,0.71
88.3677,0.71
88.4177,0.71
88.4677,0.71
88.5177,0.71
88.5677,0.71
88.6177,0.71
88.6677,0.71
88.7177,0.71
88.7677,0.71
88.8178,0.71
88.8678,0.71
88.9178,0.71
88.9678,0.71
89.0178,0.71
89.0678,0.71
89.1178,0.71
89.1678,0.71
89.2178,0.71
89.2678,0.71
89.3179,0.71
89.3679,0.71
89.4179,0.71
89.4679,0.71
89.5179,0.71
89.5679,0.71
89.6179,0.71
89.6679,0.71
89.7179,0.71
89.7679,0.71
89.818,0.71
89.868,0.71
89.918,0.71
89.968,0.71
90.018,0.71
90.068,0.71
90.118,0.71
90.168,0.71
90.218,0.71
90.268,0.71
90.3181,0.71
90.3681,0.71
90.4181,0.71
90.4681,0.71
90.5181,0.71
90.5681,0.71
90.6181,0.71
90.6681,0.71
90.7181,0.71
90.7681,0.71
90.8182,0.71
90.8682,0.71
90.9182,0.71
90.9682,0.71
91.0182,0.71
91.0682,0.71
91.1182,0.71
91.1682,0.71
91.2182,0.71
91.2682,0.71
91.3183,0.71
91.3683,0.71
91.4183,0.71
91.4683,0.71
91.5183,0.71
91.5683,0.71
91.6183,0.7
91.6683,0.7
91.7183,0.7
91.7683,0.7
91.8184,0.7
91.8684,0.7
91.9184,0.7
91.9684,0.7
92.0184,0.7
92.0684,0.7
92.1184,0.7
92.1684,0.7
92.2184,0.7
92.2684,0.7
92.3185,0.7
92.3685,0.7
92.4185,0.7
92.4685,0.7
92.5185,0.7
92.5685,0.7
92.6185,0.7
92.6685,0.7
92.7185,0.7
92.7685,0.7
92.8186,0.7
92.8686,0.7
92.9186,0.7
92.9686,0.7
93.0186,0.69
93.0686,0.69
93.1186,0.69
93.1686,0.69
93.2186,0.69
93.2686,0.69
93.3187,0.69
93.3687,0.69
93.4187,0.69
93.4687,0.69
93.5187,0.69
93.5687,0.69
93.6187,0.69
93.6687,0.69
93.7187,0.69
93.7687,0.69
93.8188,0.69
93.8688,0.69
93.9188,0.69
93.9688,0.69
94.0188,0.69
94.0688,0.69
94.1188,0.69
94.1688,0.69
94.2188,0.69
94.2688,0.69
94.3189,0.69
94.3689,0.69
94.4189,0.69
94.4689,0.69
94.5189,0.69
94.5689,0.69
94.6189,0.69
94.6689,0.69
94.7189,0.69
94.7689,0.69
94.819,0.69
94.869,0.7
94.919,0.7
94.969,0.7
95.019,0.7
95.069,0.7
95.119,0.7
95.169,0.7
95.219,0.7
95.269,0.7
95.3191,0.7
95.3691,0.7
95.4191,0.7
95.4691,0.7
95.5191,0.7
95.5691,0.7
95.6191,0.7
95.6691,0.7
95.7191,0.7
95.7691,0.7
95.8192,0.7
95.8692,0.7
95.9192,0.7
95.9692,0.7
96.0192,0.7
96.0692,0.7
96.1192,0.7
96.1692,0.7
96.2192,0.7
96.2692,0.7
96.3193,0.7
96.3693,0.7
96.4193,0.7
96.4693,0.7
96.5193,0.7
96.5693,0.7
96.6193,0.7
96.6693,0.7
96.7193,0.7
96.7693,0.7
96.8194,0.7
96.8694,0.7
96.9194,0.7
96.9694,0.7
97.0194,0.7
97.0694,0.7
97.1194,0.7
97.1694,0.7
97.2194,0.7
97.2694,0.7
97.3195,0.7
97.3695,0.7
97.4195,0.7
97.4695,0.7
97.5195,0.7
97.5695,0.7
97.6195,0.7
97.6695,0.7
97.7195,0.7
97.7695,0.7
97.8196,0.7
97.8696,0.7
97.9196,0.7
97.9696,0.7
98.0196,0.7
98.0696,0.7
98.1196,0.7
98.1696,0.7
98.2196,0.7
98.2696,0.7
98.3197,0.7
98.3697,0.7
98.4197,0.7
98.4697,0.7
98.5197,0.7
98.5697,0.7
98.6197,0.7
98.6697,0.7
98.7197,0.7
98.7697,0.69
98.8198,0.69
98.8698,0.69
98.9198,0.69
98.9698,0.69
99.0198,0.69
99.0698,0.69
99.1198,0.69
99.1698,0.69
99.2198,0.69
99.2698,0.69
99.3199,0.69
99.3699,0.69
99.4199,0.69
99.4699,0.69
99.5199,0.69
99.5699,0.69
99.6199,0.69
99.6699,0.69
99.7199,0.69
99.7699,0.69
99.82,0.69
99.87,0.69
99.92,0.69
99.97,0.69
100.02,0.69
100.07,0.69
100.12,0.69
100.17,0.69
100.22,0.69
100.27,0.69
100.32,0.69
100.37,0.69
100.42,0.69
100.47,0.69
100.52,0.69
100.57,0.69
100.62,0.69
100.67,0.69
100.72,0.69
100.77,0.69
100.82,0.69
100.87,0.69
100.92,0.69
100.97,0.69
101.02,0.69
101.07,0.69
101.12,0.69
101.17,0.69
101.22,0.69
101.27,0.69
101.32,0.69
101.37,0.69
101.42,0.69
101.47,0.69
101.52,0.69
101.57,0.69
101.62,0.69
101.67,0.69
101.72,0.69
101.77,0.69
101.82,0.69
101.87,0.69
101.92,0.69
101.97,0.69
102.02,0.69
102.07,0.69
102.12,0.69
102.17,0.69
102.22,0.69
102.27,0.69
102.32,0.69
102.37,0.69
102.42,0.69
102.47,0.69
102.52,0.69
102.571,0.69
102.621,0.69
102.671,0.69
102.721,0.69
102.771,0.69
102.821,0.69
102.871,0.69
102.921,0.69
102.971,0.69
103.021,0.69
103.071,0.69
103.121,0.69
103.171,0.69
103.221,0.69
103.271,0.69
103.321,0.69
103.371,0.69
103.421,0.69
103.471,0.69
103.521,0.69
103.571,0.69
103.621,0.69
103.671,0.69
103.721,0.69
103.771,0.69
103.821,0.69
103.871,0.69
103.921,0.69
103.971,0.69
104.021,0.69
104.071,0.69
104.121,0.69
104.171,0.69
104.221,0.69
104.271,0.69
104.321,0.69
104.371,0.69
104.421,0.69
104.471,0.69
104.521,0.68
104.571,0.68
104.621,0.68
104.671,0.68
104.721,0.68
104.771,0.68
104.821,0.68
104.871,0.68
104.921,0.68
104.971,0.68
105.021,0.68
105.071,0.68
105.121,0.68
105.171,0.68
105.221,0.68
105.271,0.68
105.321,0.68
105.371,0.68
105.421,0.68
105.471,0.68
105.521,0.68
105.571,0.68
105.621,0.68
105.671,0.68
105.721,0.68
105.771,0.68
105.821,0.68
105.871,0.68
105.921,0.68
105.971,0.68
106.021,0.68
106.071,0.68
106.121,0.68
106.171,0.68
106.221,0.68
106.271,0.68
106.321,0.68
106.371,0.68
106.421,0.68
106.471,0.68
106.521,0.68
106.571,0.68
106.621,0.68
106.671,0.68
106.721,0.68
106.771,0.68
106.821,0.68
106.871,0.68
106.921,0.68
106.971,0.68
107.021,0.68
107.071,0.68
107.121,0.68
107.171,0.68
107.221,0.68
107.271,0.68
107.321,0.68
107.371,0.68
107.421,0.68
107.471,0.68
107.521,0.68
107.572,0.68
107.622,0.68
107.672,0.68
107.722,0.68
107.772,0.68
107.822,0.68
107.872,0.68
107.922,0.68
107.972,0.68
108.022,0.68
108.072,0.67
108.122,0.67
108.172,0.67
108.222,0.67
108.272,0.67
108.322,0.67
108.372,0.67
108.422,0.67
108.472,0.67
108.522,0.67
108.572,0.67
108.622,0.67
108.672,0.67
108.722,0.67
108.772,0.67
108.822,0.67
108.872,0.67
108.922,0.67
108.972,0.67
109.022,0.67
109.072,0.67
109.122,0.67
109.172,0.68
109.222,0.67
109.272,0.67
109.322,0.67
109.372,0.67
109.422,0.67
109.472,0.67
109.522,0.67
109.572,0.67
109.622,0.67
109.672,0.67
109.722,0.67
109.772,0.67
109.822,0.67
109.872,0.67
109.922,0.67
109.972,0.67
110.022,0.67
110.072,0.67
110.122,0.67
110.172,0.67
110.222,0.67
110.272,0.67
110.322,0.67
110.372,0.67
110.422,0.67
110.472,0.67
110.522,0.67
110.572,0.67
110.622,0.67
110.672,0.67
110.722,0.67
110.772,0.67
110.822,0.67
110.872,0.67
110.922,0.67
110.972,0.67
111.022,0.67
111.072,0.67
111.122,0.67
111.172,0.67
111.222,0.67
111.272,0.67
111.322,0.67
111.372,0.67
111.422,0.67
111.472,0.67
111.522,0.67
111.572,0.67
111.622,0.67
111.672,0.67
111.722,0.67
111.772,0.67
111.822,0.67
111.872,0.67
111.922,0.67
111.972,0.67
112.022,0.67
112.072,0.67
112.122,0.67
112.172,0.67
112.222,0.67
112.272,0.67
112.322,0.67
112.372,0.67
112.422,0.67
112.472,0.67
112.522,0.67
112.573,0.67
112.623,0.67
112.673,0.67
112.723,0.67
112.773,0.67
112.823,0.67
112.873,0.67
112.923,0.67
112.973,0.67
113.023,0.67
113.073,0.67
113.123,0.67
113.173,0.67
113.223,0.67
113.273,0.67
113.323,0.67
113.373,0.67
113.423,0.67
113.473,0.67
113.523,0.67
113.573,0.67
113.623,0.67
113.673,0.66
113.723,0.66
113.773,0.66
113.823,0.66
113.873,0.66
113.923,0.66
113.973,0.66
114.023,0.66
114.073,0.66
114.123,0.66
114.173,0.66
114.223,0.66
114.273,0.66
114.323,0.66
114.373,0.66
114.423,0.66
114.473,0.66
114.523,0.66
114.573,0.66
114.623,0.66
114.673,0.66
114.723,0.66
114.773,0.66
114.823,0.66
114.873,0.66
114.923,0.66
114.973,0.66
115.023,0.66
115.073,0.66
115.123,0.66
115.173,0.66
115.223,0.66
115.273,0.66
115.323,0.66
115.373,0.66
115.423,0.66
115.473,0.66
115.523,0.66
115.573,0.66
115.623,0.66
115.673,0.66
115.723,0.66
115.773,0.66
115.823,0.66
115.873,0.66
115.923,0.66
115.973,0.66
116.023,0.66
116.073,0.66
116.123,0.66
116.173,0.66
116.223,0.66
116.273,0.66
116.323,0.66
116.373,0.66
116.423,0.66
116.473,0.66
116.523,0.66
116.573,0.66
116.623,0.66
116.673,0.66
116.723,0.66
116.773,0.66
116.823,0.66
116.873,0.66
116.923,0.66
116.973,0.66
117.023,0.66
117.073,0.66
117.123,0.66
117.173,0.66
117.223,0.65
117.273,0.65
117.323,0.65
117.373,0.65
117.423,0.65
117.473,0.65
117.523,0.65
117.574,0.65
117.624,0.65
117.674,0.65
117.724,0.65
117.774,0.65
117.824,0.65
117.874,0.65
117.924,0.65
117.974,0.65
118.024,0.65
118.074,0.65
118.124,0.65
118.174,0.65
118.224,0.65
118.274,0.65
118.324,0.65
118.374,0.65
118.424,0.65
118.474,0.65
118.524,0.65
118.574,0.65
118.624,0.65
118.674,0.65
118.724,0.66
118.774,0.66
118.824,0.66
118.874,0.66
118.924,0.66
118.974,0.66
119.024,0.66
119.074,0.66
119.124,0.66
119.174,0.66
119.224,0.66
119.274,0.66
119.324,0.66
119.374,0.66
119.424,0.66
119.474,0.66
119.524,0.66
119.574,0.66
119.624,0.66
119.674,0.66
119.724,0.65
119.774,0.65
119.824,0.65
119.874,0.65
119.924,0.65
119.974,0.65
120.024,0.65
120.074,0.65
120.124,0.65
120.174,0.65
120.224,0.65
120.274,0.65
120.324,0.65
120.374,0.65
120.424,0.65
120.474,0.65
120.524,0.65
120.574,0.65
120.624,0.65
120.674,0.65
120.724,0.65
120.774,0.65
120.824,0.65
120.874,0.65
120.924,0.65
120.974,0.65
121.024,0.65
121.074,0.65
121.124,0.65
121.174,0.65
121.224,0.65
121.274,0.65
121.324,0.65
121.374,0.65
121.424,0.65
121.474,0.65
121.524,0.65
121.574,0.65
121.624,0.65
121.674,0.65
121.724,0.65
121.774,0.65
121.824,0.65
121.874,0.65
121.924,0.65
121.974,0.66
122.024,0.66
122.074,0.66
122.124,0.66
122.174,0.66
122.224,0.66
122.274,0.66
122.324,0.66
122.374,0.66
122.424,0.66
122.474,0.66
122.524,0.66
122.575,0.66
122.625,0.66
122.675,0.67
122.725,0.67
122.775,0.66
122.825,0.66
122.875,0.66
122.925,0.66
122.975,0.66
123.025,0.66
123.075,0.66
123.125,0.66
123.175,0.66
123.225,0.66
123.275,0.66
123.325,0.66
123.375,0.66
123.425,0.66
123.475,0.66
123.525,0.66
123.575,0.66
123.625,0.66
123.675,0.66
123.725,0.66
123.775,0.66
123.825,0.66
123.875,0.66
123.925,0.66
123.975,0.66
124.025,0.66
124.075,0.66
124.125,0.66
124.175,0.66
124.225,0.66
124.275,0.66
124.325,0.65
124.375,0.65
124.425,0.65
124.475,0.65
124.525,0.65
124.575,0.65
124.625,0.65
124.675,0.65
124.725,0.65
124.775,0.65
124.825,0.65
124.875,0.65
124.925,0.65
124.975,0.65
125.025,0.65
125.075,0.65
125.125,0.65
125.175,0.65
125.225,0.65
125.275,0.65
125.325,0.65
125.375,0.65
125.425,0.65
125.475,0.65
125.525,0.65
125.575,0.65
125.625,0.65
125.675,0.65
125.725,0.65
125.775,0.65
125.825,0.65
125.875,0.65
125.925,0.65
125.975,0.65
126.025,0.65
126.075,0.65
126.125,0.65
126.175,0.65
126.225,0.65
126.275,0.65
126.325,0.65
126.375,0.65
126.425,0.65
126.475,0.65
126.525,0.65
126.575,0.65
126.625,0.65
126.675,0.65
126.725,0.65
126.775,0.65
126.825,0.65
126.875,0.65
126.925,0.65
126.975,0.65
127.025,0.65
127.075,0.65
127.125,0.65
127.175,0.65
127.225,0.65
127.275,0.65
127.325,0.65
127.375,0.65
127.425,0.65
127.475,0.65
127.525,0.65
127.576,0.65
127.626,0.65
127.676,0.65
127.726,0.65
127.776,0.65
127.826,0.65
127.876,0.65
127.926,0.65
127.976,0.65
128.026,0.65
128.076,0.65
128.126,0.65
128.176,0.65
128.226,0.65
128.276,0.65
128.326,0.65
128.376,0.65
128.426,0.65
128.476,0.65
128.526,0.65
128.576,0.65
128.626,0.65
128.676,0.65
128.726,0.65
128.776,0.64
128.826,0.64
128.876,0.64
128.926,0.64
128.976,0.64
129.026,0.64
129.076,0.64
129.126,0.64
129.176,0.64
129.226,0.64
129.276,0.64
129.326,0.64
129.376,0.64
129.426,0.64
129.476,0.64
129.526,0.64
129.576,0.64
129.626,0.64
129.676,0.64
129.726,0.64
129.776,0.64
129.826,0.64
129.876,0.64
129.926,0.64
129.976,0.64
130.026,0.64
130.076,0.64
130.126,0.64
130.176,0.64
130.226,0.64
130.276,0.64
130.326,0.64
130.376,0.64
130.426,0.64
130.476,0.64
130.526,0.64
130.576,0.64
130.626,0.64
130.676,0.64
130.726,0.64
130.776,0.64
130.826,0.64
130.876,0.64
130.926,0.64
130.976,0.64
131.026,0.64
131.076,0.64
131.126,0.64
131.176,0.64
131.226,0.64
131.276,0.64
131.326,0.64
131.376,0.64
131.426,0.64
131.476,0.64
131.526,0.64
131.576,0.64
131.626,0.64
131.676,0.64
131.726,0.64
131.776,0.64
131.826,0.64
131.876,0.64
131.926,0.64
131.976,0.64
132.026,0.64
132.076,0.64
132.126,0.64
132.176,0.64
132.226,0.64
132.276,0.64
132.326,0.64
132.376,0.64
132.426,0.64
132.476,0.64
132.526,0.64
132.577,0.64
132.627,0.64
132.677,0.64
132.727,0.64
132.777,0.64
132.827,0.64
132.877,0.64
132.927,0.64
132.977,0.64
133.027,0.64
133.077,0.64
133.127,0.64
133.177,0.64
133.227,0.64
133.277,0.64
133.327,0.64
133.377,0.63
133.427,0.63
133.477,0.63
133.527,0.63
133.577,0.63
133.627,0.63
133.677,0.63
133.727,0.63
133.777,0.63
133.827,0.63
133.877,0.63
133.927,0.63
133.977,0.63
134.027,0.63
134.077,0.63
134.127,0.63
134.177,0.63
134.227,0.63
134.277,0.63
134.327,0.63
134.377,0.63
134.427,0.63
134.477,0.63
134.527,0.63
134.577,0.63
134.627,0.63
134.677,0.63
134.727,0.63
134.777,0.63
134.827,0.63
134.877,0.63
134.927,0.63
134.977,0.63
135.027,0.63
135.077,0.63
135.127,0.63
135.177,0.63
135.227,0.63
135.277,0.63
135.327,0.63
135.377,0.63
135.427,0.63
135.477,0.63
135.527,0.63
135.577,0.63
135.627,0.63
135.677,0.63
135.727,0.63
135.777,0.63
135.827,0.63
135.877,0.63
135.927,0.62
135.977,0.62
136.027,0.62
136.077,0.62
136.127,0.62
136.177,0.62
136.227,0.62
136.277,0.62
136.327,0.62
136.377,0.62
136.427,0.62
136.477,0.62
136.527,0.62
136.577,0.62
136.627,0.62
136.677,0.62
136.727,0.62
136.777,0.62
136.827,0.62
136.877,0.62
136.927,0.62
136.977,0.62
137.027,0.62
137.077,0.62
137.127,0.62
137.177,0.62
137.227,0.62
137.277,0.62
137.327,0.62
137.377,0.62
137.427,0.62
137.477,0.62
137.527,0.62
137.578,0.62
137.628,0.62
137.678,0.62
137.728,0.62
137.778,0.62
137.828,0.62
137.878,0.62
137.928,0.62
137.978,0.62
138.028,0.62
138.078,0.62
138.128,0.62
138.178,0.62
138.228,0.62
138.278,0.62
138.328,0.62
138.378,0.62
138.428,0.62
138.478,0.62
138.528,0.62
138.578,0.62
138.628,0.62
138.678,0.62
138.728,0.62
138.778,0.62
138.828,0.62
138.878,0.62
138.928,0.62
138.978,0.62
139.028,0.62
139.078,0.62
139.128,0.62
139.178,0.62
139.228,0.62
139.278,0.62
139.328,0.62
139.378,0.62
139.428,0.62
139.478,0.62
139.528,0.62
139.578,0.62
139.628,0.62
139.678,0.62
139.728,0.62
139.778,0.62
139.828,0.62
139.878,0.62
139.928,0.62
139.978,0.62
140.028,0.62
140.078,0.62
140.128,0.62
140.178,0.62
140.228,0.62
140.278,0.62
140.328,0.62
140.378,0.62
140.428,0.62
140.478,0.62
140.528,0.62
140.578,0.62
140.628,0.62
140.678,0.62
140.728,0.62
140.778,0.62
140.828,0.62
140.878,0.62
140.928,0.62
140.978,0.61
141.028,0.61
141.078,0.61
141.128,0.61
141.178,0.61
141.228,0.61
141.278,0.61
141.328,0.61
141.378,0.61
141.428,0.61
141.478,0.61
141.528,0.6
141.578,0.6
141.628,0.6
141.678,0.6
141.728,0.6
141.778,0.6
141.828,0.6
141.878,0.6
141.928,0.6
141.978,0.6
142.028,0.6
142.078,0.6
142.128,0.6
142.178,0.6
142.228,0.6
142.278,0.6
142.328,0.61
142.378,0.61
142.428,0.61
142.478,0.61
142.528,0.61
142.579,0.61
142.629,0.61
142.679,0.61
142.729,0.61
142.779,0.61
142.829,0.61
142.879,0.61
142.929,0.61
142.979,0.61
143.029,0.61
143.079,0.61
143.129,0.61
143.179,0.61
143.229,0.61
143.279,0.61
143.329,0.61
143.379,0.61
143.429,0.61
143.479,0.61
143.529,0.61
143.579,0.61
143.629,0.61
143.679,0.61
143.729,0.61
143.779,0.61
143.829,0.61
143.879,0.61
143.929,0.61
143.979,0.61
144.029,0.61
144.079,0.61
144.129,0.61
144.179,0.61
144.229,0.61
144.279,0.61
144.329,0.61
144.379,0.61
144.429,0.61
144.479,0.61
144.529,0.61
144.579,0.61
144.629,0.61
144.679,0.61
144.729,0.61
144.779,0.61
144.829,0.61
144.879,0.61
144.929,0.61
144.979,0.61
145.029,0.61
145.079,0.61
145.129,0.61
145.179,0.61
145.229,0.61
145.279,0.61
145.329,0.61
145.379,0.61
145.429,0.61
145.479,0.61
145.529,0.61
145.579,0.61
145.629,0.61
145.679,0.61
145.729,0.61
145.779,0.61
145.829,0.61
145.879,0.61
145.929,0.61
145.979,0.61
146.029,0.61
146.079,0.61
146.129,0.61
146.179,0.61
146.229,0.61
146.279,0.61
146.329,0.61
146.379,0.61
146.429,0.61
146.479,0.61
146.529,0.61
146.579,0.61
146.629,0.61
146.679,0.61
146.729,0.61
146.779,0.61
146.829,0.61
146.879,0.61
146.929,0.62
146.979,0.62
147.029,0.62
147.079,0.62
147.129,0.62
147.179,0.62
147.229,0.62
147.279,0.62
147.329,0.62
147.379,0.62
147.429,0.62
147.479,0.62
147.529,0.62
147.58,0.62
147.63,0.62
147.68,0.62
147.73,0.62
147.78,0.62
147.83,0.62
147.88,0.62
147.93,0.62
147.98,0.62
148.03,0.62
148.08,0.62
148.13,0.62
148.18,0.62
148.23,0.62
148.28,0.61
148.33,0.61
148.38,0.61
148.43,0.61
148.48,0.61
148.53,0.61
148.58,0.61
148.63,0.61
148.68,0.61
148.73,0.61
148.78,0.61
148.83,0.61
148.88,0.61
148.93,0.61
148.98,0.61
149.03,0.61
149.08,0.61
149.13,0.61
149.18,0.61
149.23,0.61
149.28,0.61
149.33,0.61
149.38,0.61
149.43,0.61
149.48,0.61
149.53,0.61
149.58,0.61
149.63,0.61
149.68,0.61
149.73,0.61
149.78,0.61
149.83,0.61
149.88,0.61
149.93,0.61
149.98,0.61
150.03,0.61
150.08,0.61
150.13,0.61
150.18,0.61
150.23,0.61
150.28,0.61
150.33,0.61
150.38,0.61
150.43,0.61
150.48,0.61
150.53,0.61
150.58,0.61
150.63,0.61
150.68,0.61
150.73,0.61
150.78,0.61
150.83,0.61
150.88,0.61
150.93,0.61
150.98,0.61
151.03,0.61
151.08,0.61
151.13,0.61
151.18,0.61
151.23,0.61
151.28,0.61
151.33,0.61
151.38,0.61
151.43,0.61
151.48,0.61
151.53,0.61
151.58,0.61
151.63,0.61
151.68,0.61
151.73,0.61
151.78,0.61
151.83,0.61
151.88,0.61
151.93,0.61
151.98,0.61
152.03,0.61
152.08,0.61
152.13,0.61
152.18,0.61
152.23,0.61
152.28,0.61
152.33,0.61
152.38,0.61
152.43,0.61
152.48,0.61
152.53,0.61
152.581,0.61
152.631,0.61
152.681,0.61
152.731,0.61
152.781,0.61
152.831,0.61
152.881,0.61
152.931,0.61
152.981,0.61
153.031,0.61
153.081,0.61
153.131,0.61
153.181,0.61
153.231,0.61
153.281,0.61
153.331,0.61
153.381,0.61
153.431,0.61
153.481,0.61
153.531,0.61
153.581,0.61
153.631,0.61
153.681,0.61
153.731,0.61
153.781,0.61
153.831,0.61
153.881,0.61
153.931,0.61
153.981,0.61
154.031,0.61
154.081,0.61
154.131,0.61
154.181,0.61
154.231,0.61
154.281,0.61
154.331,0.61
154.381,0.61
154.431,0.61
154.481,0.61
154.531,0.61
154.581,0.61
154.631,0.61
154.681,0.61
154.731,0.61
154.781,0.61
154.831,0.61
154.881,0.61
154.931,0.61
154.981,0.61
155.031,0.61
155.081,0.61
155.131,0.61
155.181,0.61
155.231,0.61
155.281,0.61
155.331,0.61
155.381,0.61
155.431,0.61
155.481,0.61
155.531,0.61
155.581,0.6
155.631,0.6
155.681,0.6
155.731,0.6
155.781,0.6
155.831,0.6
155.881,0.6
155.931,0.6
155.981,0.6
156.031,0.6
156.081,0.6
156.131,0.6
156.181,0.6
156.231,0.6
156.281,0.6
156.331,0.6
156.381,0.6
156.431,0.6
156.481,0.6
156.531,0.6
156.581,0.6
156.631,0.6
156.681,0.6
156.731,0.6
156.781,0.6
156.831,0.6
156.881,0.6
156.931,0.6
156.981,0.6
157.031,0.6
157.081,0.6
157.131,0.6
157.181,0.6
157.231,0.6
157.281,0.6
157.331,0.6
157.381,0.6
157.431,0.6
157.481,0.6
157.532,0.6
157.582,0.6
157.632,0.6
157.682,0.6
157.732,0.6
157.782,0.6
157.832,0.6
157.882,0.6
157.932,0.6
157.982,0.6
158.032,0.6
158.082,0.6
158.132,0.6
158.182,0.6
158.232,0.6
158.282,0.6
158.332,0.6
158.382,0.6
158.432,0.6
158.482,0.6
158.532,0.6
158.582,0.6
158.632,0.6
158.682,0.6
158.732,0.6
158.782,0.6
158.832,0.6
158.882,0.6
158.932,0.6
158.982,0.59
159.032,0.59
159.082,0.59
159.132,0.59
159.182,0.59
159.232,0.59
159.282,0.59
159.332,0.59
159.382,0.59
159.432,0.59
159.482,0.59
159.532,0.59
159.582,0.59
159.632,0.59
159.682,0.59
159.732,0.59
159.782,0.59
159.832,0.59
159.882,0.59
159.932,0.59
159.982,0.59
160.032,0.59
160.082,0.59
160.132,0.59
160.182,0.59
160.232,0.59
160.282,0.59
160.332,0.59
160.382,0.59
160.432,0.59
160.482,0.59
160.532,0.59
160.582,0.59
160.632,0.59
160.682,0.59
160.732,0.59
160.782,0.59
160.832,0.59
160.882,0.59
160.932,0.59
160.982,0.59
161.032,0.59
161.082,0.59
161.132,0.59
161.182,0.59
161.232,0.59
161.282,0.59
161.332,0.59
161.382,0.6
161.432,0.61
161.482,0.61
161.532,0.61
161.582,0.61
161.632,0.61
161.682,0.61
161.732,0.61
161.782,0.61
161.832,0.61
161.882,0.61
161.932,0.61
161.982,0.61
162.032,0.61
162.082,0.61
162.132,0.61
162.182,0.61
162.232,0.61
162.282,0.61
162.332,0.61
162.382,0.61
162.432,0.61
162.482,0.61
162.533,0.61
162.583,0.61
162.633,0.61
162.683,0.61
162.733,0.61
162.783,0.61
162.833,0.61
162.883,0.61
162.933,0.61
162.983,0.61
163.033,0.61
163.083,0.61
163.133,0.61
163.183,0.61
163.233,0.61
163.283,0.61
163.333,0.61
163.383,0.61
163.433,0.61
163.483,0.61
163.533,0.61
163.583,0.61
163.633,0.61
163.683,0.61
163.733,0.62
163.783,0.62
163.833,0.62
163.883,0.62
163.933,0.62
163.983,0.62
164.033,0.62
164.083,0.62
164.133,0.62
164.183,0.62
164.233,0.62
164.283,0.62
164.333,0.62
164.383,0.62
164.433,0.62
164.483,0.62
164.533,0.62
164.583,0.62
164.633,0.62
164.683,0.62
164.733,0.62
164.783,0.62
164.833,0.62
164.883,0.62
164.933,0.62
164.983,0.62
165.033,0.62
165.083,0.62
165.133,0.62
165.183,0.62
165.233,0.62
165.283,0.62
165.333,0.62
165.383,0.62
165.433,0.62
165.483,0.62
165.533,0.62
165.583,0.61
165.633,0.61
165.683,0.61
165.733,0.61
165.783,0.61
165.833,0.61
165.883,0.61
165.933,0.61
165.983,0.61
166.033,0.61
166.083,0.61
166.133,0.61
166.183,0.61
166.233,0.61
166.283,0.61
166.333,0.62
166.383,0.62
166.433,0.62
166.483,0.62
166.533,0.62
166.583,0.62
166.633,0.62
166.683,0.62
166.733,0.62
166.783,0.62
166.833,0.62
166.883,0.62
166.933,0.62
166.983,0.62
167.033,0.62
167.083,0.62
167.133,0.62
167.183,0.62
167.233,0.62
167.283,0.62
167.333,0.61
167.383,0.61
167.433,0.61
167.483,0.61
167.534,0.61
167.584,0.61
167.634,0.61
167.684,0.61
167.734,0.61
167.784,0.61
167.834,0.61
167.884,0.61
167.934,0.61
167.984,0.61
168.034,0.61
168.084,0.6
168.134,0.6
168.184,0.6
168.234,0.6
168.284,0.6
168.334,0.6
168.384,0.6
168.434,0.6
168.484,0.59
168.534,0.59
168.584,0.58
168.634,0.58
168.684,0.58
168.734,0.58
168.784,0.58
168.834,0.58
168.884,0.58
168.934,0.58
168.984,0.58
169.034,0.58
169.084,0.58
169.134,0.58
169.184,0.58
169.234,0.58
169.284,0.58
169.334,0.58
169.384,0.58
169.434,0.58
169.484,0.58
169.534,0.58
169.584,0.58
169.634,0.58
169.684,0.58
169.734,0.58
169.784,0.58
169.834,0.58
169.884,0.58
169.934,0.58
169.984,0.58
170.034,0.58
170.084,0.58
170.134,0.58
170.184,0.58
170.234,0.58
170.284,0.58
170.334,0.58
170.384,0.58
170.434,0.58
170.484,0.58
170.534,0.58
170.584,0.58
170.634,0.58
170.684,0.58
170.734,0.58
170.784,0.58
170.834,0.58
170.884,0.58
170.934,0.58
170.984,0.58
171.034,0.58
171.084,0.58
171.134,0.58
171.184,0.58
171.234,0.58
171.284,0.58
171.334,0.58
171.384,0.58
171.434,0.58
171.484,0.58
171.534,0.58
171.584,0.58
171.634,0.58
171.684,0.58
171.734,0.58
171.784,0.58
171.834,0.58
171.884,0.58
171.934,0.58
171.984,0.58
172.034,0.58
172.084,0.58
172.134,0.58
172.184,0.58
172.234,0.58
172.284,0.58
172.334,0.58
172.384,0.58
172.434,0.58
172.484,0.58
172.535,0.58
172.585,0.58
172.635,0.58
172.685,0.58
172.735,0.58
172.785,0.58
172.835,0.58
172.885,0.58
172.935,0.58
172.985,0.58
173.035,0.58
173.085,0.58
173.135,0.58
173.185,0.58
173.235,0.58
173.285,0.58
173.335,0.58
173.385,0.58
173.435,0.58
173.485,0.58
173.535,0.57
173.585,0.57
173.635,0.57
173.685,0.57
173.735,0.57
173.785,0.57
173.835,0.57
173.885,0.57
173.935,0.57
173.985,0.57
174.035,0.57
174.085,0.57
174.135,0.57
174.185,0.57
174.235,0.57
174.285,0.57
174.335,0.57
174.385,0.57
174.435,0.57
174.485,0.57
174.535,0.57
174.585,0.57
174.635,0.57
174.685,0.57
174.735,0.57
174.785,0.57
174.835,0.57
174.885,0.57
174.935,0.57
174.985,0.57
175.035,0.57
175.085,0.57
175.135,0.57
175.185,0.57
175.235,0.57
175.285,0.57
175.335,0.57
175.385,0.57
175.435,0.57
175.485,0.57
175.535,0.57
175.585,0.57
175.635,0.57
175.685,0.57
175.735,0.57
175.785,0.57
175.835,0.57
175.885,0.57
175.935,0.57
175.985,0.57
176.035,0.57
176.085,0.57
176.135,0.57
176.185,0.57
176.235,0.57
176.285,0.57
176.335,0.57
176.385,0.57
176.435,0.57
176.485,0.57
176.535,0.57
176.585,0.57
176.635,0.57
176.685,0.57
176.735,0.57
176.785,0.57
176.835,0.57
176.885,0.57
176.935,0.57
176.985,0.57
177.035,0.57
177.085,0.57
177.135,0.57
177.185,0.57
177.235,0.57
177.285,0.57
177.335,0.57
177.385,0.57
177.435,0.57
177.485,0.57
177.536,0.57
177.586,0.57
177.636,0.57
177.686,0.57
177.736,0.57
177.786,0.57
177.836,0.57
177.886,0.57
177.936,0.57
177.986,0.57
178.036,0.57
178.086,0.57
178.136,0.57
178.186,0.57
178.236,0.57
178.286,0.57
178.336,0.57
178.386,0.57
178.436,0.57
178.486,0.57
178.536,0.57
178.586,0.57
178.636,0.57
178.686,0.57
178.736,0.57
178.786,0.57
178.836,0.57
178.886,0.57
178.936,0.57
178.986,0.57
179.036,0.57
179.086,0.57
179.136,0.57
179.186,0.57
179.236,0.57
179.286,0.57
179.336,0.57
179.386,0.57
179.436,0.57
179.486,0.56
179.536,0.56
179.586,0.56
179.636,0.56
179.686,0.56
179.736,0.56
179.786,0.56
179.836,0.56
179.886,0.56
179.936,0.56
179.986,0.56
180.036,0.56
180.086,0.56
180.136,0.56
180.186,0.56
180.236,0.56
180.286,0.56
180.336,0.56
180.386,0.56
180.436,0.56
180.486,0.56
180.536,0.56
180.586,0.56
180.636,0.56
180.686,0.56
180.736,0.56
180.786,0.56
180.836,0.56
180.886,0.56
180.936,0.56
180.986,0.56
181.036,0.56
181.086,0.56
181.136,0.56
181.186,0.56
181.236,0.56
181.286,0.56
181.336,0.56
181.386,0.56
181.436,0.56
181.486,0.56
181.536,0.56
181.586,0.56
181.636,0.56
181.686,0.56
181.736,0.56
181.786,0.56
181.836,0.56
181.886,0.56
181.936,0.56
181.986,0.56
182.036,0.56
182.086,0.56
182.136,0.56
182.186,0.56
182.236,0.56
182.286,0.56
182.336,0.56
182.386,0.56
182.436,0.56
182.486,0.56
182.537,0.56
182.587,0.56
182.637,0.57
182.687,0.57
182.737,0.57
182.787,0.57
182.837,0.57
182.887,0.57
182.937,0.57
182.987,0.57
183.037,0.57
183.087,0.57
183.137,0.57
183.187,0.57
183.237,0.57
183.287,0.57
183.337,0.57
183.387,0.56
183.437,0.56
183.487,0.56
183.537,0.56
183.587,0.56
183.637,0.56
183.687,0.56
183.737,0.56
183.787,0.56
183.837,0.56
183.887,0.56
183.937,0.56
183.987,0.56
184.037,0.56
184.087,0.56
184.137,0.56
184.187,0.57
184.237,0.57
184.287,0.57
184.337,0.57
184.387,0.57
184.437,0.57
184.487,0.57
184.537,0.57
184.587,0.57
184.637,0.57
184.687,0.56
184.737,0.56
184.787,0.56
184.837,0.56
184.887,0.56
184.937,0.56
184.987,0.56
185.037,0.56
185.087,0.56
185.137,0.56
185.187,0.56
185.237,0.56
185.287,0.56
185.337,0.56
185.387,0.56
185.437,0.56
185.487,0.56
185.537,0.56
185.587,0.56
185.637,0.56
185.687,0.56
185.737,0.56
185.787,0.56
185.837,0.56
185.887,0.56
185.937,0.55
185.987,0.55
186.037,0.55
186.087,0.55
186.137,0.55
186.187,0.55
186.237,0.55
186.287,0.55
186.337,0.55
186.387,0.55
186.437,0.55
186.487,0.55
186.537,0.55
186.587,0.55
186.637,0.55
186.687,0.55
186.737,0.55
186.787,0.55
186.837,0.55
186.887,0.55
186.937,0.55
186.987,0.55
187.037,0.55
187.087,0.55
187.137,0.55
187.187,0.55
187.237,0.55
187.287,0.55
187.337,0.55
187.387,0.55
187.437,0.55
187.487,0.55
187.538,0.55
187.588,0.55
187.638,0.55
187.688,0.55
187.738,0.55
187.788,0.55
187.838,0.55
187.888,0.55
187.938,0.55
187.988,0.54
188.038,0.54
188.088,0.54
188.138,0.54
188.188,0.54
188.238,0.54
188.288,0.54
188.338,0.54
188.388,0.54
188.438,0.54
188.488,0.54
188.538,0.54
188.588,0.54
188.638,0.54
188.688,0.54
188.738,0.54
188.788,0.54
188.838,0.54
188.888,0.54
188.938,0.54
188.988,0.54
189.038,0.54
189.088,0.54
189.138,0.54
189.188,0.54
189.238,0.54
189.288,0.54
189.338,0.54
189.388,0.54
189.438,0.54
189.488,0.54
189.538,0.54
189.588,0.54
189.638,0.54
189.688,0.54
189.738,0.54
189.788,0.54
189.838,0.54
189.888,0.54
189.938,0.54
189.988,0.54
190.038,0.54
190.088,0.54
190.138,0.54
190.188,0.54
190.238,0.54
190.288,0.54
190.338,0.54
190.388,0.54
190.438,0.54
190.488,0.54
190.538,0.54
190.588,0.54
190.638,0.54
190.688,0.54
190.738,0.54
190.788,0.54
190.838,0.54
190.888,0.54
190.938,0.54
190.988,0.54
191.038,0.54
191.088,0.54
191.138,0.54
191.188,0.54
191.238,0.54
191.288,0.54
191.338,0.54
191.388,0.54
191.438,0.54
191.488,0.54
191.538,0.54
191.588,0.54
191.638,0.54
191.688,0.54
191.738,0.54
191.788,0.55
191.838,0.55
191.888,0.55
191.938,0.55
191.988,0.55
192.038,0.55
192.088,0.54
192.138,0.54
192.188,0.54
192.238,0.54
192.288,0.54
192.338,0.54
192.388,0.54
192.438,0.54
192.488,0.54
192.539,0.54
192.589,0.54
192.639,0.54
192.689,0.54
192.739,0.54
192.789,0.55
192.839,0.55
192.889,0.55
192.939,0.55
192.989,0.55
193.039,0.55
193.089,0.55
193.139,0.55
193.189,0.55
193.239,0.55
193.289,0.55
193.339,0.55
193.389,0.55
193.439,0.55
193.489,0.55
193.539,0.55
193.589,0.55
193.639,0.55
193.689,0.55
193.739,0.55
193.789,0.55
193.839,0.55
193.889,0.55
193.939,0.55
193.989,0.55
194.039,0.55
194.089,0.55
194.139,0.55
194.189,0.55
194.239,0.55
194.289,0.55
194.339,0.55
194.389,0.55
194.439,0.55
194.489,0.55
194.539,0.55
194.589,0.55
194.639,0.55
194.689,0.55
194.739,0.55
194.789,0.55
194.839,0.55
194.889,0.55
194.939,0.55
194.989,0.55
195.039,0.55
195.089,0.55
195.139,0.55
195.189,0.55
195.239,0.55
195.289,0.55
195.339,0.55
195.389,0.55
195.439,0.55
195.489,0.56
195.539,0.56
195.589,0.56
195.639,0.56
195.689,0.56
195.739,0.56
195.789,0.56
195.839,0.56
195.889,0.56
195.939,0.56
195.989,0.56
196.039,0.56
196.089,0.56
196.139,0.56
196.189,0.56
196.239,0.56
196.289,0.56
196.339,0.56
196.389,0.56
196.439,0.56
196.489,0.56
196.539,0.56
196.589,0.56
196.639,0.56
196.689,0.56
196.739,0.56
196.789,0.56
196.839,0.56
196.889,0.56
196.939,0.56
196.989,0.56
197.039,0.56
197.089,0.56
197.139,0.56
197.189,0.56
197.239,0.56
197.289,0.56
197.339,0.56
197.389,0.56
197.439,0.56
197.489,0.56
197.54,0.56
197.59,0.56
197.64,0.56
197.69,0.56
197.74,0.56
197.79,0.56
197.84,0.56
197.89,0.56
197.94,0.56
197.99,0.56
198.04,0.56
198.09,0.57
198.14,0.57
198.19,0.57
198.24,0.57
198.29,0.57
198.34,0.57
198.39,0.57
198.44,0.57
198.49,0.57
198.54,0.57
198.59,0.57
198.64,0.57
198.69,0.57
198.74,0.57
198.79,0.57
198.84,0.57
198.89,0.57
198.94,0.57
198.99,0.57
199.04,0.57
199.09,0.57
199.14,0.57
199.19,0.57
199.24,0.57
199.29,0.57
199.34,0.57
199.39,0.57
199.44,0.57
199.49,0.57
199.54,0.57
199.59,0.57
199.64,0.57
199.69,0.57
199.74,0.57
199.79,0.57
199.84,0.57
199.89,0.57
199.94,0.57
199.99,0.57
200.04,0.57
200.09,0.57
200.14,0.57
200.19,0.57
200.24,0.57
200.29,0.57
200.34,0.57
200.39,0.57
200.44,0.57
200.49,0.57
200.54,0.57
200.59,0.57
200.64,0.57
200.69,0.57
200.74,0.57
200.79,0.57
200.84,0.57
200.89,0.57
200.94,0.57
200.99,0.57
201.04,0.57
201.09,0.57
201.14,0.57
201.19,0.57
201.24,0.57
201.29,0.57
201.34,0.57
201.39,0.57
201.44,0.57
201.49,0.57
201.54,0.57
201.59,0.57
201.64,0.57
201.69,0.57
201.74,0.57
201.79,0.57
201.84,0.57
201.89,0.57
201.94,0.57
201.99,0.57
202.04,0.57
202.09,0.57
202.14,0.57
202.19,0.57
202.24,0.57
202.29,0.57
202.34,0.57
202.39,0.57
202.44,0.57
202.49,0.57
202.541,0.57
202.591,0.57
202.641,0.57
202.691,0.57
202.741,0.57
202.791,0.57
202.841,0.57
202.891,0.57
202.941,0.57
202.991,0.57
203.041,0.57
203.091,0.57
203.141,0.57
203.191,0.57
203.241,0.57
203.291,0.57
203.341,0.57
203.391,0.57
203.441,0.57
203.491,0.57
203.541,0.57
203.591,0.57
203.641,0.56
203.691,0.56
203.741,0.56
203.791,0.56
203.841,0.56
203.891,0.56
203.941,0.56
203.991,0.56
204.041,0.56
204.091,0.56
204.141,0.56
204.191,0.56
204.241,0.56
204.291,0.56
204.341,0.56
204.391,0.56
204.441,0.56
204.491,0.56
204.541,0.56
204.591,0.56
204.641,0.56
204.691,0.56
204.741,0.56
204.791,0.57
204.841,0.57
204.891,0.57
204.941,0.57
204.991,0.57
205.041,0.57
205.091,0.57
205.141,0.57
205.191,0.57
205.241,0.57
205.291,0.57
205.341,0.57
205.391,0.57
205.441,0.57
205.491,0.57
205.541,0.57
205.591,0.56
205.641,0.56
205.691,0.56
205.741,0.56
205.791,0.56
205.841,0.56
205.891,0.56
205.941,0.56
205.991,0.56
206.041,0.56
206.091,0.57
206.141,0.57
206.191,0.57
206.241,0.57
206.291,0.57
206.341,0.57
206.391,0.57
206.441,0.57
206.491,0.57
206.541,0.57
206.591,0.57
206.641,0.57
206.691,0.57
206.741,0.57
206.791,0.57
206.841,0.57
206.891,0.57
206.941,0.57
206.991,0.57
207.041,0.57
207.091,0.57
207.141,0.57
207.191,0.57
207.241,0.57
207.291,0.57
207.341,0.57
207.391,0.57
207.441,0.57
207.491,0.56
207.542,0.56
207.592,0.56
207.642,0.56
207.692,0.56
207.742,0.56
207.792,0.56
207.842,0.56
207.892,0.56
207.942,0.56
207.992,0.56
208.042,0.56
208.092,0.56
208.142,0.56
208.192,0.56
208.242,0.56
208.292,0.56
208.342,0.56
208.392,0.56
208.442,0.56
208.492,0.56
208.542,0.56
208.592,0.56
208.642,0.56
208.692,0.56
208.742,0.56
208.792,0.56
208.842,0.55
208.892,0.55
208.942,0.55
208.992,0.55
209.042,0.55
209.092,0.55
209.142,0.55
209.192,0.55
209.242,0.55
209.292,0.55
209.342,0.55
209.392,0.55
209.442,0.55
209.492,0.55
209.542,0.55
209.592,0.55
209.642,0.55
209.692,0.55
209.742,0.55
209.792,0.55
209.842,0.55
209.892,0.55
209.942,0.55
209.992,0.55
210.042,0.55
210.092,0.55
210.142,0.55
210.192,0.55
210.242,0.55
210.292,0.55
210.342,0.55
210.392,0.55
210.442,0.55
210.492,0.55
210.542,0.55
210.592,0.55
210.642,0.55
210.692,0.55
210.742,0.55
210.792,0.55
210.842,0.55
210.892,0.55
210.942,0.55
210.992,0.55
211.042,0.55
211.092,0.55
211.142,0.55
211.192,0.55
211.242,0.55
211.292,0.55
211.342,0.55
211.392,0.55
211.442,0.55
211.492,0.55
211.542,0.55
211.592,0.55
211.642,0.55
211.692,0.55
211.742,0.55
211.792,0.55
211.842,0.55
211.892,0.55
211.942,0.55
211.992,0.55
212.042,0.55
212.092,0.55
212.142,0.55
212.192,0.55
212.242,0.55
212.292,0.55
212.342,0.55
212.392,0.55
212.442,0.55
212.492,0.55
212.543,0.55
212.593,0.55
212.643,0.55
212.693,0.55
212.743,0.55
212.793,0.55
212.843,0.55
212.893,0.55
212.943,0.55
212.993,0.55
213.043,0.55
213.093,0.55
213.143,0.55
213.193,0.55
213.243,0.55
213.293,0.55
213.343,0.55
213.393,0.55
213.443,0.55
213.493,0.54
213.543,0.54
213.593,0.54
213.643,0.54
213.693,0.54
213.743,0.54
213.793,0.54
213.843,0.54
213.893,0.54
213.943,0.54
213.993,0.54
214.043,0.54
214.093,0.54
214.143,0.54
214.193,0.54
214.243,0.54
214.293,0.54
214.343,0.54
214.393,0.54
214.443,0.54
214.493,0.54
214.543,0.54
214.593,0.54
214.643,0.54
214.693,0.54
214.743,0.54
214.793,0.54
214.843,0.54
214.893,0.54
214.943,0.54
214.993,0.54
215.043,0.54
215.093,0.54
215.143,0.54
215.193,0.54
215.243,0.54
215.293,0.54
215.343,0.54
215.393,0.54
215.443,0.54
215.493,0.54
215.543,0.54
215.593,0.54
215.643,0.54
215.693,0.54
215.743,0.54
215.793,0.54
215.843,0.54
215.893,0.54
215.943,0.54
215.993,0.54
216.043,0.54
216.093,0.54
216.143,0.54
216.193,0.54
216.243,0.54
216.293,0.54
216.343,0.54
216.393,0.54
216.443,0.54
216.493,0.54
216.543,0.54
216.593,0.54
216.643,0.54
216.693,0.54
216.743,0.54
216.793,0.54
216.843,0.54
216.893,0.54
216.943,0.54
216.993,0.54
217.043,0.54
217.093,0.54
217.143,0.54
217.193,0.54
217.243,0.54
217.293,0.54
217.343,0.54
217.393,0.54
217.443,0.54
217.493,0.54
217.544,0.54
217.594,0.54
217.644,0.54
217.694,0.54
217.744,0.54
217.794,0.54
217.844,0.54
217.894,0.54
217.944,0.54
217.994,0.54
218.044,0.54
218.094,0.54
218.144,0.54
218.194,0.54
218.244,0.54
218.294,0.54
218.344,0.54
218.394,0.54
218.444,0.54
218.494,0.54
218.544,0.54
218.594,0.54
218.644,0.54
218.694,0.54
218.744,0.54
218.794,0.54
218.844,0.54
218.894,0.54
218.944,0.54
218.994,0.54
219.044,0.54
219.094,0.54
219.144,0.54
219.194,0.54
219.244,0.54
219.294,0.54
219.344,0.54
219.394,0.54
219.444,0.54
219.494,0.54
219.544,0.54
219.594,0.54
219.644,0.54
219.694,0.54
219.744,0.54
219.794,0.54
219.844,0.54
219.894,0.54
219.944,0.54
219.994,0.54
220.044,0.54
220.094,0.54
220.144,0.54
220.194,0.54
220.244,0.54
220.294,0.54
220.344,0.54
220.394,0.54
220.444,0.54
220.494,0.54
220.544,0.54
220.594,0.54
220.644,0.54
220.694,0.54
220.744,0.54
220.794,0.54
220.844,0.54
220.894,0.54
220.944,0.54
220.994,0.54
221.044,0.54
221.094,0.54
221.144,0.54
221.194,0.54
221.244,0.53
221.294,0.53
221.344,0.53
221.394,0.53
221.444,0.53
221.494,0.53
221.544,0.53
221.594,0.53
221.644,0.53
221.694,0.53
221.744,0.53
221.794,0.53
221.844,0.53
221.894,0.53
221.944,0.53
221.994,0.53
222.044,0.53
222.094,0.53
222.144,0.53
222.194,0.53
222.244,0.53
222.294,0.53
222.344,0.53
222.394,0.53
222.444,0.53
222.494,0.53
222.545,0.53
222.595,0.53
222.645,0.53
222.695,0.53
222.745,0.53
222.795,0.53
222.845,0.53
222.895,0.53
222.945,0.53
222.995,0.53
223.045,0.53
223.095,0.53
223.145,0.53
223.195,0.53
223.245,0.53
223.295,0.53
223.345,0.53
223.395,0.53
223.445,0.53
223.495,0.53
223.545,0.53
223.595,0.52
223.645,0.52
223.695,0.52
223.745,0.52
223.795,0.52
223.845,0.52
223.895,0.52
223.945,0.52
223.995,0.52
224.045,0.52
224.095,0.52
224.145,0.52
224.195,0.52
224.245,0.52
224.295,0.52
224.345,0.52
224.395,0.52
224.445,0.52
224.495,0.52
224.545,0.52
224.595,0.52
224.645,0.52
224.695,0.52
224.745,0.52
224.795,0.52
224.845,0.52
224.895,0.52
224.945,0.52
224.995,0.52
225.045,0.52
225.095,0.52
225.145,0.52
225.195,0.52
225.245,0.52
225.295,0.52
225.345,0.52
225.395,0.52
225.445,0.52
225.495,0.52
225.545,0.52
225.595,0.52
225.645,0.52
225.695,0.52
225.745,0.52
225.795,0.52
225.845,0.52
225.895,0.52
225.945,0.52
225.995,0.52
226.045,0.52
226.095,0.52
226.145,0.52
226.195,0.52
226.245,0.52
226.295,0.52
226.345,0.52
226.395,0.53
226.445,0.53
226.495,0.53
226.545,0.53
226.595,0.53
226.645,0.53
226.695,0.53
226.745,0.53
226.795,0.53
226.845,0.53
226.895,0.53
226.945,0.53
226.995,0.53
227.045,0.53
227.095,0.53
227.145,0.53
227.195,0.53
227.245,0.53
227.295,0.53
227.345,0.53
227.395,0.53
227.445,0.53
227.495,0.53
227.546,0.53
227.596,0.53
227.646,0.53
227.696,0.53
227.746,0.53
227.796,0.53
227.846,0.53
227.896,0.53
227.946,0.53
227.996,0.53
228.046,0.53
228.096,0.53
228.146,0.53
228.196,0.53
228.246,0.53
228.296,0.53
228.346,0.53
228.396,0.53
228.446,0.53
228.496,0.53
228.546,0.53
228.596,0.53
228.646,0.53
228.696,0.53
228.746,0.53
228.796,0.53
228.846,0.53
228.896,0.53
228.946,0.53
228.996,0.53
229.046,0.53
229.096,0.53
229.146,0.53
229.196,0.53
229.246,0.53
229.296,0.53
229.346,0.53
229.396,0.53
229.446,0.53
229.496,0.53
229.546,0.53
229.596,0.53
229.646,0.53
229.696,0.53
229.746,0.53
229.796,0.53
229.846,0.53
229.896,0.53
229.946,0.53
229.996,0.53
230.046,0.53
230.096,0.53
230.146,0.54
230.196,0.54
230.246,0.54
230.296,0.54
230.346,0.54
230.396,0.54
230.446,0.54
230.496,0.54
230.546,0.54
230.596,0.54
230.646,0.54
230.696,0.54
230.746,0.54
230.796,0.54
230.846,0.54
230.896,0.54
230.946,0.54
230.996,0.54
231.046,0.54
231.096,0.54
231.146,0.53
231.196,0.53
231.246,0.53
231.296,0.53
231.346,0.53
231.396,0.53
231.446,0.53
231.496,0.53
231.546,0.53
231.596,0.53
231.646,0.53
231.696,0.53
231.746,0.53
231.796,0.53
231.846,0.53
231.896,0.53
231.946,0.53
231.996,0.53
232.046,0.53
232.096,0.53
232.146,0.53
232.196,0.53
232.246,0.53
232.296,0.53
232.346,0.53
232.396,0.53
232.446,0.53
232.496,0.53
232.547,0.53
232.597,0.53
232.647,0.53
232.697,0.53
232.747,0.53
232.797,0.53
232.847,0.53
232.897,0.53
232.947,0.53
232.997,0.53
233.047,0.53
233.097,0.53
233.147,0.53
233.197,0.53
233.247,0.53
233.297,0.53
233.347,0.53
233.397,0.53
233.447,0.53
233.497,0.53
233.547,0.53
233.597,0.53
233.647,0.53
233.697,0.53
233.747,0.53
233.797,0.53
233.847,0.53
233.897,0.53
233.947,0.53
233.997,0.53
234.047,0.53
234.097,0.54
234.147,0.54
234.197,0.54
234.247,0.54
234.297,0.54
234.347,0.54
234.397,0.54
234.447,0.54
234.497,0.54
234.547,0.54
234.597,0.54
234.647,0.54
234.697,0.54
234.747,0.54
234.797,0.54
234.847,0.54
234.897,0.54
234.947,0.54
234.997,0.54
235.047,0.54
235.097,0.54
235.147,0.54
235.197,0.54
235.247,0.54
235.297,0.54
235.347,0.54
235.397,0.54
235.447,0.54
235.497,0.54
235.547,0.54
235.597,0.54
235.647,0.54
235.697,0.54
235.747,0.54
235.797,0.54
235.847,0.54
235.897,0.54
235.947,0.54
235.997,0.54
236.047,0.54
236.097,0.54
236.147,0.54
236.197,0.54
236.247,0.54
236.297,0.54
236.347,0.54
236.397,0.54
236.447,0.54
236.497,0.55
236.547,0.54
236.597,0.54
236.647,0.54
236.697,0.54
236.747,0.54
236.797,0.54
236.847,0.54
236.897,0.54
236.947,0.54
236.997,0.54
237.047,0.54
237.097,0.54
237.147,0.54
237.197,0.54
237.247,0.54
237.297,0.54
237.347,0.54
237.397,0.54
237.447,0.54
237.497,0.54
237.548,0.54
237.598,0.54
237.648,0.54
237.698,0.54
237.748,0.54
237.798,0.54
237.848,0.54
237.898,0.54
237.948,0.54
237.998,0.54
238.048,0.54
238.098,0.54
238.148,0.54
238.198,0.54
238.248,0.54
238.298,0.54
238.348,0.54
238.398,0.54
238.448,0.54
238.498,0.54
238.548,0.54
238.598,0.54
238.648,0.54
238.698,0.54
238.748,0.54
238.798,0.54
238.848,0.54
238.898,0.54
238.948,0.54
238.998,0.54
239.048,0.54
239.098,0.54
239.148,0.54
239.198,0.54
239.248,0.54
239.298,0.54
239.348,0.54
239.398,0.54
239.448,0.54
239.498,0.54
239.548,0.54
239.598,0.54
239.648,0.54
239.698,0.54
239.748,0.54
239.798,0.54
239.848,0.54
239.898,0.54
239.948,0.54
239.998,0.54
240.048,0.54
240.098,0.54
240.148,0.54
240.198,0.54
240.248,0.54
240.298,0.54
240.348,0.54
240.398,0.54
240.448,0.54
240.498,0.54
240.548,0.54
240.598,0.54
240.648,0.54
240.698,0.54
240.748,0.54
240.798,0.54
240.848,0.54
240.898,0.54
240.948,0.54
240.998,0.54
241.048,0.54
241.098,0.54
241.148,0.54
241.198,0.54
241.248,0.54
241.298,0.54
241.348,0.54
241.398,0.54
241.448,0.54
241.498,0.54
241.548,0.54
241.598,0.54
241.648,0.54
241.698,0.54
241.748,0.54
241.798,0.54
241.848,0.55
241.898,0.55
241.948,0.55
241.998,0.55
242.048,0.55
242.098,0.55
242.148,0.55
242.198,0.55
242.248,0.55
242.298,0.55
242.348,0.55
242.398,0.55
242.448,0.55
242.498,0.55
242.549,0.55
242.599,0.55
242.649,0.55
242.699,0.55
242.749,0.55
242.799,0.55
242.849,0.55
242.899,0.55
242.949,0.55
242.999,0.55
243.049,0.55
243.099,0.55
243.149,0.55
243.199,0.55
243.249,0.55
243.299,0.55
243.349,0.55
243.399,0.55
243.449,0.55
243.499,0.55
243.549,0.55
243.599,0.55
243.649,0.55
243.699,0.55
243.749,0.55
243.799,0.55
243.849,0.56
243.899,0.56
243.949,0.56
243.999,0.56
244.049,0.56
244.099,0.56
244.149,0.56
244.199,0.56
244.249,0.56
244.299,0.56
244.349,0.57
244.399,0.57
244.449,0.57
244.499,0.57
244.549,0.57
244.599,0.57
244.649,0.57
244.699,0.57
244.749,0.57
244.799,0.57
244.849,0.57
244.899,0.57
244.949,0.57
244.999,0.57
245.049,0.57
245.099,0.57
245.149,0.57
245.199,0.57
245.249,0.57
245.299,0.57
245.349,0.57
245.399,0.57
245.449,0.57
245.499,0.57
245.549,0.57
245.599,0.57
245.649,0.57
245.699,0.57
245.749,0.57
245.799,0.57
245.849,0.57
245.899,0.57
245.949,0.57
245.999,0.57
246.049,0.57
246.099,0.57
246.149,0.57
246.199,0.57
246.249,0.57
246.299,0.57
246.349,0.57
246.399,0.57
246.449,0.57
246.499,0.57
246.549,0.57
246.599,0.57
246.649,0.57
246.699,0.57
246.749,0.57
246.799,0.57
246.849,0.57
246.899,0.57
246.949,0.57
246.999,0.57
247.049,0.57
247.099,0.57
247.149,0.57
247.199,0.57
247.249,0.57
247.299,0.57
247.349,0.57
247.399,0.57
247.449,0.57
247.499,0.57
247.55,0.57
247.6,0.57
247.65,0.57
247.7,0.57
247.75,0.57
247.8,0.57
247.85,0.57
247.9,0.57
247.95,0.57
248,0.57
248.05,0.57
248.1,0.56
248.15,0.56
248.2,0.56
248.25,0.56
248.3,0.56
248.35,0.56
248.4,0.56
248.45,0.56
248.5,0.56
248.55,0.56
248.6,0.56
248.65,0.56
248.7,0.56
248.75,0.56
248.8,0.56
248.85,0.56
248.9,0.56
248.95,0.56
249,0.56
249.05,0.56
249.1,0.56
249.15,0.56
249.2,0.56
249.25,0.56
249.3,0.56
249.35,0.56
249.4,0.56
249.45,0.56
249.5,0.56
249.55,0.56
249.6,0.56
249.65,0.55
249.7,0.55
249.75,0.56
249.8,0.56
249.85,0.56
249.9,0.56
249.95,0.56
250,0.56
250.05,0.56
250.1,0.56
250.15,0.56
250.2,0.56
250.25,0.56
250.3,0.56
250.35,0.56
250.4,0.56
250.45,0.56
250.5,0.56
250.55,0.56
250.6,0.56
250.65,0.56
250.7,0.56
250.75,0.56
250.8,0.56
250.85,0.56
250.9,0.56
250.95,0.56
251,0.56
251.05,0.56
251.1,0.56
251.15,0.56
251.2,0.56
251.25,0.55
251.3,0.55
251.35,0.55
251.4,0.55
251.45,0.55
251.5,0.55
251.55,0.55
251.6,0.55
251.65,0.55
251.7,0.55
251.75,0.55
251.8,0.55
251.85,0.55
251.9,0.55
251.95,0.55
252,0.55
252.05,0.55
252.1,0.55
252.15,0.55
252.2,0.55
252.25,0.55
252.3,0.55
252.35,0.55
252.4,0.55
252.45,0.55
252.5,0.55
252.551,0.55
252.601,0.55
252.651,0.55
252.701,0.55
252.751,0.55
252.801,0.55
252.851,0.55
252.901,0.55
252.951,0.55
253.001,0.55
253.051,0.55
253.101,0.55
253.151,0.55
253.201,0.55
253.251,0.55
253.301,0.55
253.351,0.55
253.401,0.55
253.451,0.55
253.501,0.55
253.551,0.56
253.601,0.56
253.651,0.56
253.701,0.56
253.751,0.56
253.801,0.56
253.851,0.56
253.901,0.56
253.951,0.56
254.001,0.56
254.051,0.56
254.101,0.56
254.151,0.56
254.201,0.56
254.251,0.56
254.301,0.56
254.351,0.56
254.401,0.56
254.451,0.56
254.501,0.57
254.551,0.57
254.601,0.57
254.651,0.58
254.701,0.58
254.751,0.58
254.801,0.58
254.851,0.58
254.901,0.58
254.951,0.58
255.001,0.58
255.051,0.58
255.101,0.58
255.151,0.58
255.201,0.58
255.251,0.58
255.301,0.58
255.351,0.58
255.401,0.57
255.451,0.57
255.501,0.57
255.551,0.57
255.601,0.57
255.651,0.57
255.701,0.57
255.751,0.57
255.801,0.57
255.851,0.57
255.901,0.57
255.951,0.57
256.001,0.57
256.051,0.57
256.101,0.57
256.151,0.57
256.201,0.57
256.251,0.57
256.301,0.57
256.351,0.57
256.401,0.57
256.451,0.57
256.501,0.57
256.551,0.57
256.601,0.57
256.651,0.57
256.701,0.57
256.751,0.57
256.801,0.57
256.851,0.57
256.901,0.57
256.951,0.57
257.001,0.57
257.051,0.57
257.101,0.57
257.151,0.57
257.201,0.57
257.251,0.57
257.301,0.57
257.351,0.57
257.401,0.57
257.451,0.57
257.501,0.57
257.552,0.57
257.602,0.57
257.652,0.57
257.702,0.57
257.752,0.57
257.802,0.57
257.852,0.57
257.902,0.57
257.952,0.57
258.002,0.57
258.052,0.57
258.102,0.57
258.152,0.57
258.202,0.57
258.252,0.57
258.302,0.57
258.352,0.57
258.402,0.57
258.452,0.57
258.502,0.57
258.552,0.57
258.602,0.57
258.652,0.57
258.702,0.57
258.752,0.57
258.802,0.57
258.852,0.57
258.902,0.57
258.952,0.57
259.002,0.57
259.052,0.57
259.102,0.57
259.152,0.57
259.202,0.57
259.252,0.57
259.302,0.57
259.352,0.57
259.402,0.57
259.452,0.57
259.502,0.57
259.552,0.57
259.602,0.57
259.652,0.57
259.702,0.57
259.752,0.57
259.802,0.57
259.852,0.57
259.902,0.57
259.952,0.57
260.002,0.57
260.052,0.57
260.102,0.57
260.152,0.57
260.202,0.57
260.252,0.57
260.302,0.57
260.352,0.57
260.402,0.57
260.452,0.57
260.502,0.57
260.552,0.57
260.602,0.57
260.652,0.57
260.702,0.57
260.752,0.57
260.802,0.57
260.852,0.57
260.902,0.57
260.952,0.57
261.002,0.57
261.052,0.57
261.102,0.57
261.152,0.57
261.202,0.57
261.252,0.57
261.302,0.57
261.352,0.57
261.402,0.57
261.452,0.57
261.502,0.57
261.552,0.57
261.602,0.57
261.652,0.57
261.702,0.57
261.752,0.57
261.802,0.57
261.852,0.57
261.902,0.57
261.952,0.57
262.002,0.57
262.052,0.57
262.102,0.57
262.152,0.57
262.202,0.57
262.252,0.57
262.302,0.57
262.352,0.57
262.402,0.57
262.452,0.56
262.502,0.56
262.553,0.56
262.603,0.56
262.653,0.56
262.703,0.56
262.753,0.56
262.803,0.56
262.853,0.56
262.903,0.56
262.953,0.56
263.003,0.56
263.053,0.56
263.103,0.56
263.153,0.57
263.203,0.57
263.253,0.57
263.303,0.57
263.353,0.57
263.403,0.57
263.453,0.57
263.503,0.57
263.553,0.57
263.603,0.57
263.653,0.57
263.703,0.57
263.753,0.57
263.803,0.57
263.853,0.57
263.903,0.57
263.953,0.57
264.003,0.57
264.053,0.57
264.103,0.57
264.153,0.57
264.203,0.57
264.253,0.57
264.303,0.57
264.353,0.57
264.403,0.57
264.453,0.57
264.503,0.57
264.553,0.57
264.603,0.57
264.653,0.57
264.703,0.57
264.753,0.57
264.803,0.57
264.853,0.57
264.903,0.57
264.953,0.57
265.003,0.57
265.053,0.57
265.103,0.57
265.153,0.57
265.203,0.57
265.253,0.57
265.303,0.57
265.353,0.57
265.403,0.57
265.453,0.57
265.503,0.57
265.553,0.57
265.603,0.57
265.653,0.57
265.703,0.57
265.753,0.57
265.803,0.57
265.853,0.57
265.903,0.57
265.953,0.57
266.003,0.57
266.053,0.57
266.103,0.57
266.153,0.57
266.203,0.57
266.253,0.57
266.303,0.57
266.353,0.57
266.403,0.57
266.453,0.57
266.503,0.57
266.553,0.57
266.603,0.57
266.653,0.57
266.703,0.57
266.753,0.57
266.803,0.57
266.853,0.57
266.903,0.57
266.953,0.57
267.003,0.57
267.053,0.57
267.103,0.57
267.153,0.57
267.203,0.57
267.253,0.57
267.303,0.57
267.353,0.57
267.403,0.57
267.453,0.57
267.503,0.57
267.554,0.57
267.604,0.57
267.654,0.57
267.704,0.57
267.754,0.57
267.804,0.57
267.854,0.57
267.904,0.57
267.954,0.57
268.004,0.57
268.054,0.57
268.104,0.57
268.154,0.56
268.204,0.56
268.254,0.56
268.304,0.56
268.354,0.56
268.404,0.56
268.454,0.56
268.504,0.56
268.554,0.56
268.604,0.56
268.654,0.56
268.704,0.56
268.754,0.56
268.804,0.56
268.854,0.56
268.904,0.56
268.954,0.56
269.004,0.56
269.054,0.56
269.104,0.56
269.154,0.56
269.204,0.56
269.254,0.56
269.304,0.56
269.354,0.56
269.404,0.56
269.454,0.56
269.504,0.56
269.554,0.56
269.604,0.56
269.654,0.56
269.704,0.56
269.754,0.56
269.804,0.56
269.854,0.56
269.904,0.56
269.954,0.56
270.004,0.56
270.054,0.56
270.104,0.56
270.154,0.56
270.204,0.56
270.254,0.56
270.304,0.56
270.354,0.56
270.404,0.56
270.454,0.56
270.504,0.56
270.554,0.56
270.604,0.56
270.654,0.56
270.704,0.56
270.754,0.56
270.804,0.56
270.854,0.56
270.904,0.56
270.954,0.56
271.004,0.56
271.054,0.57
271.104,0.57
271.154,0.57
271.204,0.57
271.254,0.57
271.304,0.57
271.354,0.57
271.404,0.57
271.454,0.57
271.504,0.57
271.554,0.57
271.604,0.57
271.654,0.57
271.704,0.57
271.754,0.57
271.804,0.57
271.854,0.57
271.904,0.57
271.954,0.57
272.004,0.57
272.054,0.57
272.104,0.57
272.154,0.58
272.204,0.57
272.254,0.57
272.304,0.57
272.354,0.57
272.404,0.57
272.454,0.57
272.504,0.57
272.555,0.57
272.605,0.57
272.655,0.57
272.705,0.57
272.755,0.57
272.805,0.57
272.855,0.57
272.905,0.57
272.955,0.57
273.005,0.57
273.055,0.57
273.105,0.57
273.155,0.57
273.205,0.56
273.255,0.56
273.305,0.56
273.355,0.56
273.405,0.56
273.455,0.56
273.505,0.56
273.555,0.56
273.605,0.56
273.655,0.56
273.705,0.56
273.755,0.56
273.805,0.56
273.855,0.56
273.905,0.56
273.955,0.56
274.005,0.56
274.055,0.56
274.105,0.56
274.155,0.56
274.205,0.56
274.255,0.56
274.305,0.56
274.355,0.56
274.405,0.56
274.455,0.57
274.505,0.57
274.555,0.57
274.605,0.57
274.655,0.57
274.705,0.57
274.755,0.57
274.805,0.58
274.855,0.58
274.905,0.58
274.955,0.58
275.005,0.58
275.055,0.58
275.105,0.58
275.155,0.58
275.205,0.58
275.255,0.58
275.305,0.58
275.355,0.58
275.405,0.58
275.455,0.58
275.505,0.58
275.555,0.59
275.605,0.59
275.655,0.59
275.705,0.59
275.755,0.59
275.805,0.59
275.855,0.59
275.905,0.59
275.955,0.59
276.005,0.59
276.055,0.59
276.105,0.59
276.155,0.59
276.205,0.59
276.255,0.59
276.305,0.59
276.355,0.59
276.405,0.59
276.455,0.59
276.505,0.59
276.555,0.59
276.605,0.59
276.655,0.59
276.705,0.59
276.755,0.59
276.805,0.59
276.855,0.59
276.905,0.59
276.955,0.59
277.005,0.59
277.055,0.59
277.105,0.59
277.155,0.59
277.205,0.59
277.255,0.59
277.305,0.59
277.355,0.59
277.405,0.59
277.455,0.59
277.505,0.59
277.556,0.59
277.606,0.59
277.656,0.59
277.706,0.59
277.756,0.59
277.806,0.59
277.856,0.59
277.906,0.59
277.956,0.59
278.006,0.59
278.056,0.59
278.106,0.59
278.156,0.59
278.206,0.59
278.256,0.59
278.306,0.59
278.356,0.59
278.406,0.59
278.456,0.59
278.506,0.59
278.556,0.59
278.606,0.59
278.656,0.59
278.706,0.59
278.756,0.59
278.806,0.59
278.856,0.59
278.906,0.59
278.956,0.59
279.006,0.59
279.056,0.59
279.106,0.59
279.156,0.59
279.206,0.59
279.256,0.59
279.306,0.59
279.356,0.59
279.406,0.59
279.456,0.59
279.506,0.59
279.556,0.59
279.606,0.59
279.656,0.59
279.706,0.59
279.756,0.59
279.806,0.59
279.856,0.59
279.906,0.59
279.956,0.59
280.006,0.59
280.056,0.59
280.106,0.59
280.156,0.59
280.206,0.59
280.256,0.59
280.306,0.59
280.356,0.59
280.406,0.59
280.456,0.59
280.506,0.59
280.556,0.59
280.606,0.59
280.656,0.59
280.706,0.59
280.756,0.6
280.806,0.6
280.856,0.6
280.906,0.6
280.956,0.6
281.006,0.6
281.056,0.6
281.106,0.6
281.156,0.6
281.206,0.6
281.256,0.6
281.306,0.6
281.356,0.6
281.406,0.6
281.456,0.6
281.506,0.6
281.556,0.6
281.606,0.6
281.656,0.6
281.706,0.6
281.756,0.6
281.806,0.6
281.856,0.6
281.906,0.6
281.956,0.6
282.006,0.6
282.056,0.6
282.106,0.6
282.156,0.6
282.206,0.6
282.256,0.6
282.306,0.6
282.356,0.6
282.406,0.6
282.456,0.6
282.506,0.6
282.557,0.6
282.607,0.6
282.657,0.6
282.707,0.6
282.757,0.6
282.807,0.6
282.857,0.6
282.907,0.6
282.957,0.6
283.007,0.6
283.057,0.61
283.107,0.61
283.157,0.61
283.207,0.61
283.257,0.6
283.307,0.6
283.357,0.6
283.407,0.6
283.457,0.6
283.507,0.6
283.557,0.6
283.607,0.6
283.657,0.6
283.707,0.6
283.757,0.6
283.807,0.6
283.857,0.6
283.907,0.6
283.957,0.6
284.007,0.6
284.057,0.6
284.107,0.6
284.157,0.6
284.207,0.6
284.257,0.6
284.307,0.6
284.357,0.6
284.407,0.6
284.457,0.6
284.507,0.6
284.557,0.6
284.607,0.6
284.657,0.6
284.707,0.6
284.757,0.6
284.807,0.6
284.857,0.6
284.907,0.6
284.957,0.59
285.007,0.59
285.057,0.59
285.107,0.59
285.157,0.59
285.207,0.59
285.257,0.59
285.307,0.59
285.357,0.59
285.407,0.59
285.457,0.59
285.507,0.59
285.557,0.58
285.607,0.58
285.657,0.58
285.707,0.58
285.757,0.58
285.807,0.58
285.857,0.58
285.907,0.58
285.957,0.58
286.007,0.58
286.057,0.58
286.107,0.58
286.157,0.58
286.207,0.58
286.257,0.58
286.307,0.58
286.357,0.58
286.407,0.58
286.457,0.58
286.507,0.58
286.557,0.58
286.607,0.58
286.657,0.58
286.707,0.58
286.757,0.58
286.807,0.58
286.857,0.58
286.907,0.58
286.957,0.58
287.007,0.58
287.057,0.58
287.107,0.58
287.157,0.58
287.207,0.58
287.257,0.58
287.307,0.58
287.357,0.58
287.407,0.58
287.457,0.58
287.507,0.58
287.558,0.58
287.608,0.58
287.658,0.58
287.708,0.58
287.758,0.58
287.808,0.58
287.858,0.58
287.908,0.58
287.958,0.58
288.008,0.58
288.058,0.58
288.108,0.58
288.158,0.58
288.208,0.58
288.258,0.58
288.308,0.58
288.358,0.58
288.408,0.58
288.458,0.59
288.508,0.59
288.558,0.59
288.608,0.59
288.658,0.59
288.708,0.59
288.758,0.59
288.808,0.6
288.858,0.6
288.908,0.6
288.958,0.6
289.008,0.6
289.058,0.6
289.108,0.6
289.158,0.6
289.208,0.6
289.258,0.6
289.308,0.6
289.358,0.6
289.408,0.6
289.458,0.6
289.508,0.6
289.558,0.6
289.608,0.6
289.658,0.6
289.708,0.6
289.758,0.6
289.808,0.6
289.858,0.6
289.908,0.6
289.958,0.6
290.008,0.6
290.058,0.6
290.108,0.6
290.158,0.6
290.208,0.6
290.258,0.6
290.308,0.6
290.358,0.6
290.408,0.6
290.458,0.6
290.508,0.6
290.558,0.6
290.608,0.6
290.658,0.6
290.708,0.6
290.758,0.6
290.808,0.6
290.858,0.6
290.908,0.6
290.958,0.6
291.008,0.6
291.058,0.6
291.108,0.6
291.158,0.6
291.208,0.6
291.258,0.6
291.308,0.6
291.358,0.6
291.408,0.6
291.458,0.6
291.508,0.6
291.558,0.6
291.608,0.6
291.658,0.6
291.708,0.6
291.758,0.6
291.808,0.6
291.858,0.6
291.908,0.6
291.958,0.6
292.008,0.6
292.058,0.6
292.108,0.6
292.158,0.6
292.208,0.6
292.258,0.6
292.308,0.6
292.358,0.6
292.408,0.6
292.458,0.6
292.508,0.6
292.559,0.6
292.609,0.6
292.659,0.6
292.709,0.6
292.759,0.6
292.809,0.6
292.859,0.6
292.909,0.6
292.959,0.6
293.009,0.6
293.059,0.6
293.109,0.6
293.159,0.6
293.209,0.6
293.259,0.6
293.309,0.6
293.359,0.6
293.409,0.6
293.459,0.6
293.509,0.6
293.559,0.6
293.609,0.6
293.659,0.6
293.709,0.6
293.759,0.6
293.809,0.6
293.859,0.6
293.909,0.6
293.959,0.6
294.009,0.6
294.059,0.6
294.109,0.6
294.159,0.6
294.209,0.6
294.259,0.6
294.309,0.6
294.359,0.6
294.409,0.6
294.459,0.6
294.509,0.6
294.559,0.6
294.609,0.6
294.659,0.6
294.709,0.6
294.759,0.6
294.809,0.6
294.859,0.6
294.909,0.6
294.959,0.6
295.009,0.6
295.059,0.6
295.109,0.6
295.159,0.6
295.209,0.6
295.259,0.6
295.309,0.6
295.359,0.6
295.409,0.6
295.459,0.6
295.509,0.6
295.559,0.6
295.609,0.59
295.659,0.59
295.709,0.59
295.759,0.59
295.809,0.59
295.859,0.59
295.909,0.59
295.959,0.59
296.009,0.59
296.059,0.59
296.109,0.59
296.159,0.59
296.209,0.59
296.259,0.59
296.309,0.59
296.359,0.59
296.409,0.59
296.459,0.59
296.509,0.59
296.559,0.59
296.609,0.59
296.659,0.59
296.709,0.59
296.759,0.59
296.809,0.59
296.859,0.59
296.909,0.59
296.959,0.59
297.009,0.59
297.059,0.59
297.109,0.59
297.159,0.59
297.209,0.59
297.259,0.59
297.309,0.59
297.359,0.59
297.409,0.59
297.459,0.6
297.509,0.6
297.56,0.6
297.61,0.6
297.66,0.6
297.71,0.6
297.76,0.6
297.81,0.6
297.86,0.6
297.91,0.6
297.96,0.6
298.01,0.6
298.06,0.6
298.11,0.6
298.16,0.6
298.21,0.6
298.26,0.59
298.31,0.59
298.36,0.59
298.41,0.59
298.46,0.59
298.51,0.59
298.56,0.59
298.61,0.59
298.66,0.59
298.71,0.59
298.76,0.59
298.81,0.59
298.86,0.59
298.91,0.59
298.96,0.59
299.01,0.59
299.06,0.59
299.11,0.59
299.16,0.59
299.21,0.59
299.26,0.59
299.31,0.59
299.36,0.59
299.41,0.59
299.46,0.59
299.51,0.59
299.56,0.59
299.61,0.59
299.66,0.59
299.71,0.59
299.76,0.59
299.81,0.59
299.86,0.59
299.91,0.59
299.96,0.59
300.01,0.59
300.06,0.59
300.11,0.59
300.16,0.59
300.21,0.59
300.26,0.59
300.31,0.59
300.36,0.59
300.41,0.59
300.46,0.59
300.51,0.59
300.56,0.59
300.61,0.59
300.66,0.59
300.71,0.59
300.76,0.59
300.81,0.59
300.86,0.59
300.91,0.59
300.96,0.59
301.01,0.59
301.06,0.59
301.11,0.59
301.16,0.59
301.21,0.59
301.26,0.59
301.31,0.59
301.36,0.59
301.41,0.59
301.46,0.59
301.51,0.59
301.56,0.59
301.61,0.59
301.66,0.59
301.71,0.59
301.76,0.59
301.81,0.59
301.86,0.59
301.91,0.59
301.96,0.59
302.01,0.59
302.06,0.59
302.11,0.59
302.16,0.59
302.21,0.59
302.26,0.59
302.31,0.59
302.36,0.59
302.41,0.59
302.46,0.59
302.51,0.59
302.561,0.59
302.611,0.59
302.661,0.59
302.711,0.59
302.761,0.59
302.811,0.59
302.861,0.59
302.911,0.59
302.961,0.59
303.011,0.59
303.061,0.59
303.111,0.59
303.161,0.59
303.211,0.59
303.261,0.59
303.311,0.59
303.361,0.59
303.411,0.59
303.461,0.59
303.511,0.59
303.561,0.58
303.611,0.58
303.661,0.58
303.711,0.58
303.761,0.58
303.811,0.58
303.861,0.58
303.911,0.58
303.961,0.58
304.011,0.58
304.061,0.58
304.111,0.58
304.161,0.58
304.211,0.58
304.261,0.58
304.311,0.58
304.361,0.58
304.411,0.58
304.461,0.58
304.511,0.58
304.561,0.58
304.611,0.58
304.661,0.58
304.711,0.58
304.761,0.58
304.811,0.58
304.861,0.58
304.911,0.58
304.961,0.58
305.011,0.58
305.061,0.58
305.111,0.58
305.161,0.58
305.211,0.58
305.261,0.58
305.311,0.58
305.361,0.58
305.411,0.58
305.461,0.58
305.511,0.58
305.561,0.58
305.611,0.58
305.661,0.58
305.711,0.58
305.761,0.58
305.811,0.58
305.861,0.58
305.911,0.58
305.961,0.58
306.011,0.58
306.061,0.58
306.111,0.58
306.161,0.58
306.211,0.58
306.261,0.58
306.311,0.58
306.361,0.58
306.411,0.58
306.461,0.58
306.511,0.58
306.561,0.58
306.611,0.58
306.661,0.57
306.711,0.57
306.761,0.57
306.811,0.57
306.861,0.57
306.911,0.57
306.961,0.57
307.011,0.57
307.061,0.57
307.111,0.57
307.161,0.57
307.211,0.57
307.261,0.57
307.311,0.57
307.361,0.57
307.411,0.57
307.461,0.57
307.511,0.57
307.562,0.57
307.612,0.57
307.662,0.58
307.712,0.58
307.762,0.58
307.812,0.58
307.862,0.58
307.912,0.58
307.962,0.58
308.012,0.58
308.062,0.58
308.112,0.58
308.162,0.58
308.212,0.58
308.262,0.58
308.312,0.58
308.362,0.58
308.412,0.58
308.462,0.58
308.512,0.58
308.562,0.58
308.612,0.58
308.662,0.58
308.712,0.58
308.762,0.58
308.812,0.58
308.862,0.58
308.912,0.58
308.962,0.58
309.012,0.58
309.062,0.58
309.112,0.58
309.162,0.58
309.212,0.58
309.262,0.58
309.312,0.58
309.362,0.58
309.412,0.58
309.462,0.58
309.512,0.58
309.562,0.58
309.612,0.58
309.662,0.58
309.712,0.58
309.762,0.58
309.812,0.58
309.862,0.58
309.912,0.58
309.962,0.58
310.012,0.58
310.062,0.58
310.112,0.58
310.162,0.58
310.212,0.58
310.262,0.58
310.312,0.58
310.362,0.58
310.412,0.58
310.462,0.58
310.512,0.58
310.562,0.58
310.612,0.58
310.662,0.58
310.712,0.58
310.762,0.58
310.812,0.58
310.862,0.58
310.912,0.58
310.962,0.58
311.012,0.58
311.062,0.58
311.112,0.58
311.162,0.58
311.212,0.58
311.262,0.58
311.312,0.58
311.362,0.58
311.412,0.58
311.462,0.58
311.512,0.58
311.562,0.58
311.612,0.58
311.662,0.58
311.712,0.58
311.762,0.58
311.812,0.58
311.862,0.57
311.912,0.57
311.962,0.57
312.012,0.56
312.062,0.56
312.112,0.56
312.162,0.56
312.212,0.56
312.262,0.56
312.312,0.56
312.362,0.56
312.412,0.56
312.462,0.56
312.512,0.56
312.562,0.56
312.613,0.56
312.663,0.56
312.713,0.56
312.763,0.56
312.813,0.56
312.863,0.56
312.913,0.56
312.963,0.56
313.013,0.56
313.063,0.56
313.113,0.56
313.163,0.56
313.213,0.56
313.263,0.56
313.313,0.56
313.363,0.56
313.413,0.56
313.463,0.56
313.513,0.56
313.563,0.56
313.613,0.56
313.663,0.56
313.713,0.56
313.763,0.56
313.813,0.57
313.863,0.56
313.913,0.56
313.963,0.56
314.013,0.56
314.063,0.56
314.113,0.56
314.163,0.56
314.213,0.56
314.263,0.56
314.313,0.56
314.363,0.56
314.413,0.56
314.463,0.56
314.513,0.56
314.563,0.56
314.613,0.56
314.663,0.56
314.713,0.56
314.763,0.56
314.813,0.56
314.863,0.56
314.913,0.56
314.963,0.56
315.013,0.56
315.063,0.56
315.113,0.56
315.163,0.56
315.213,0.56
315.263,0.56
315.313,0.56
315.363,0.56
315.413,0.56
315.463,0.56
315.513,0.56
315.563,0.56
315.613,0.56
315.663,0.56
315.713,0.56
315.763,0.56
315.813,0.56
315.863,0.56
315.913,0.56
315.963,0.56
316.013,0.56
316.063,0.56
316.113,0.56
316.163,0.56
316.213,0.56
316.263,0.56
316.313,0.56
316.363,0.56
316.413,0.56
316.463,0.56
316.513,0.56
316.563,0.56
316.613,0.56
316.663,0.56
316.713,0.56
316.763,0.56
316.813,0.56
316.863,0.56
316.913,0.56
316.963,0.56
317.013,0.56
317.063,0.56
317.113,0.56
317.163,0.56
317.213,0.56
317.263,0.56
317.313,0.56
317.363,0.56
317.413,0.56
317.463,0.56
317.513,0.56
317.563,0.56
317.614,0.56
317.664,0.56
317.714,0.56
317.764,0.56
317.814,0.56
317.864,0.56
317.914,0.56
317.964,0.56
318.014,0.56
318.064,0.56
318.114,0.57
318.164,0.57
318.214,0.57
318.264,0.57
318.314,0.57
318.364,0.57
318.414,0.57
318.464,0.57
318.514,0.57
318.564,0.57
318.614,0.57
318.664,0.57
318.714,0.57
318.764,0.57
318.814,0.57
318.864,0.57
318.914,0.57
318.964,0.57
319.014,0.57
319.064,0.57
319.114,0.57
319.164,0.57
319.214,0.57
319.264,0.57
319.314,0.57
319.364,0.57
319.414,0.57
319.464,0.57
319.514,0.57
319.564,0.57
319.614,0.57
319.664,0.57
319.714,0.57
319.764,0.57
319.814,0.57
319.864,0.57
319.914,0.57
319.964,0.57
320.014,0.57
320.064,0.57
320.114,0.57
320.164,0.57
320.214,0.57
320.264,0.57
320.314,0.57
320.364,0.56
320.414,0.56
320.464,0.56
320.514,0.56
320.564,0.56
320.614,0.56
320.664,0.56
320.714,0.56
320.764,0.56
320.814,0.56
320.864,0.56
320.914,0.56
320.964,0.56
321.014,0.56
321.064,0.56
321.114,0.56
321.164,0.56
321.214,0.56
321.264,0.56
321.314,0.56
321.364,0.56
321.414,0.56
321.464,0.56
321.514,0.56
321.564,0.56
321.614,0.56
321.664,0.56
321.714,0.56
321.764,0.57
321.814,0.57
321.864,0.57
321.914,0.57
321.964,0.57
322.014,0.57
322.064,0.57
322.114,0.57
322.164,0.57
322.214,0.57
322.264,0.57
322.314,0.57
322.364,0.57
322.414,0.57
322.464,0.57
322.514,0.57
322.564,0.57
322.615,0.57
322.665,0.57
322.715,0.57
322.765,0.57
322.815,0.57
322.865,0.57
322.915,0.57
322.965,0.57
323.015,0.57
323.065,0.57
323.115,0.57
323.165,0.57
323.215,0.57
323.265,0.57
323.315,0.57
323.365,0.57
323.415,0.57
323.465,0.57
323.515,0.57
323.565,0.57
323.615,0.57
323.665,0.57
323.715,0.57
323.765,0.57
323.815,0.57
323.865,0.57
323.915,0.57
323.965,0.57
324.015,0.57
324.065,0.57
324.115,0.57
324.165,0.57
324.215,0.57
324.265,0.57
324.315,0.57
324.365,0.57
324.415,0.57
324.465,0.57
324.515,0.57
324.565,0.57
324.615,0.57
324.665,0.57
324.715,0.57
324.765,0.57
324.815,0.56
324.865,0.56
324.915,0.56
324.965,0.56
325.015,0.56
325.065,0.56
325.115,0.56
325.165,0.56
325.215,0.56
325.265,0.56
325.315,0.56
325.365,0.56
325.415,0.56
325.465,0.56
325.515,0.56
325.565,0.56
325.615,0.56
325.665,0.56
325.715,0.56
325.765,0.56
325.815,0.56
325.865,0.56
325.915,0.56
325.965,0.56
326.015,0.56
326.065,0.56
326.115,0.56
326.165,0.56
326.215,0.56
326.265,0.56
326.315,0.56
326.365,0.56
326.415,0.56
326.465,0.56
326.515,0.56
326.565,0.56
326.615,0.56
326.665,0.56
326.715,0.56
326.765,0.56
326.815,0.56
326.865,0.56
326.915,0.56
326.965,0.56
327.015,0.56
327.065,0.56
327.115,0.56
327.165,0.56
327.215,0.56
327.265,0.56
327.315,0.56
327.365,0.56
327.415,0.56
327.465,0.56
327.515,0.56
327.565,0.56
327.616,0.56
327.666,0.56
327.716,0.56
327.766,0.56
327.816,0.56
327.866,0.56
327.916,0.56
327.966,0.56
328.016,0.56
328.066,0.56
328.116,0.56
328.166,0.56
328.216,0.56
328.266,0.55
328.316,0.55
328.366,0.55
328.416,0.55
328.466,0.55
328.516,0.55
328.566,0.55
328.616,0.55
328.666,0.55
328.716,0.55
328.766,0.55
328.816,0.55
328.866,0.55
328.916,0.55
328.966,0.55
329.016,0.55
329.066,0.55
329.116,0.55
329.166,0.55
329.216,0.55
329.266,0.55
329.316,0.55
329.366,0.55
329.416,0.55
329.466,0.55
329.516,0.55
329.566,0.55
329.616,0.55
329.666,0.55
329.716,0.55
329.766,0.55
329.816,0.55
329.866,0.55
329.916,0.55
329.966,0.55
330.016,0.55
330.066,0.55
330.116,0.55
330.166,0.55
330.216,0.55
330.266,0.55
330.316,0.55
330.366,0.55
330.416,0.55
330.466,0.55
330.516,0.55
330.566,0.55
330.616,0.55
330.666,0.55
330.716,0.55
330.766,0.55
330.816,0.55
330.866,0.55
330.916,0.55
330.966,0.55
331.016,0.55
331.066,0.55
331.116,0.54
331.166,0.54
331.216,0.54
331.266,0.54
331.316,0.54
331.366,0.54
331.416,0.54
331.466,0.54
331.516,0.54
331.566,0.54
331.616,0.54
331.666,0.54
331.716,0.54
331.766,0.54
331.816,0.54
331.866,0.54
331.916,0.54
331.966,0.54
332.016,0.54
332.066,0.54
332.116,0.54
332.166,0.54
332.216,0.54
332.266,0.54
332.316,0.54
332.366,0.54
332.416,0.54
332.466,0.54
332.516,0.54
332.566,0.53
332.617,0.53
332.667,0.53
332.717,0.53
332.767,0.53
332.817,0.53
332.867,0.53
332.917,0.53
332.967,0.53
333.017,0.53
333.067,0.53
333.117,0.53
333.167,0.53
333.217,0.53
333.267,0.53
333.317,0.53
333.367,0.53
333.417,0.53
333.467,0.53
333.517,0.53
333.567,0.53
333.617,0.53
333.667,0.53
333.717,0.53
333.767,0.53
333.817,0.53
333.867,0.53
333.917,0.53
333.967,0.53
334.017,0.53
334.067,0.53
334.117,0.53
334.167,0.53
334.217,0.53
334.267,0.53
334.317,0.53
334.367,0.53
334.417,0.53
334.467,0.53
334.517,0.53
334.567,0.53
334.617,0.53
334.667,0.53
334.717,0.53
334.767,0.53
334.817,0.53
334.867,0.53
334.917,0.53
334.967,0.53
335.017,0.53
335.067,0.53
335.117,0.53
335.167,0.53
335.217,0.53
335.267,0.53
335.317,0.53
335.367,0.53
335.417,0.53
335.467,0.53
335.517,0.53
335.567,0.53
335.617,0.53
335.667,0.53
335.717,0.53
335.767,0.53
335.817,0.53
335.867,0.53
335.917,0.53
335.967,0.53
336.017,0.53
336.067,0.53
336.117,0.53
336.167,0.53
336.217,0.53
336.267,0.53
336.317,0.53
336.367,0.53
336.417,0.53
336.467,0.53
336.517,0.53
336.567,0.53
336.617,0.53
336.667,0.53
336.717,0.53
336.767,0.53
336.817,0.52
336.867,0.52
336.917,0.52
336.967,0.52
337.017,0.52
337.067,0.52
337.117,0.52
337.167,0.52
337.217,0.52
337.267,0.52
337.317,0.52
337.367,0.52
337.417,0.52
337.467,0.52
337.517,0.52
337.567,0.52
337.618,0.52
337.668,0.52
337.718,0.52
337.768,0.52
337.818,0.52
337.868,0.52
337.918,0.52
337.968,0.52
338.018,0.52
338.068,0.52
338.118,0.52
338.168,0.52
338.218,0.52
338.268,0.52
338.318,0.52
338.368,0.52
338.418,0.52
338.468,0.52
338.518,0.52
338.568,0.52
338.618,0.52
338.668,0.52
338.718,0.52
338.768,0.52
338.818,0.52
338.868,0.51
338.918,0.51
338.968,0.51
339.018,0.51
339.068,0.51
339.118,0.51
339.168,0.51
339.218,0.51
339.268,0.51
339.318,0.51
339.368,0.51
339.418,0.51
339.468,0.51
339.518,0.51
339.568,0.51
339.618,0.51
339.668,0.51
339.718,0.51
339.768,0.51
339.818,0.51
339.868,0.51
339.918,0.51
339.968,0.51
340.018,0.51
340.068,0.51
340.118,0.51
340.168,0.51
340.218,0.51
340.268,0.51
340.318,0.51
340.368,0.51
340.418,0.51
340.468,0.51
340.518,0.51
340.568,0.51
340.618,0.51
340.668,0.51
340.718,0.51
340.768,0.51
340.818,0.51
340.868,0.51
340.918,0.51
340.968,0.51
341.018,0.51
341.068,0.51
341.118,0.51
341.168,0.51
341.218,0.51
341.268,0.51
341.318,0.51
341.368,0.51
341.418,0.51
341.468,0.51
