5
0.00000
3	0.00000	0.00000	255	0	0
4	3.00000	0.00000	0	0	255
5	5.00000	0.00000	0	255	255
1	0.00000	0.00000	0	255	0
2	20.0000	0.00000	0	255	0
5
1.00000
3	2.00000	0.00000	255	0	0
4	4.00000	0.00000	0	0	255
5	6.00000	0.00000	0	255	255
1	0.00000	0.00000	0	255	0
2	20.0000	0.00000	0	255	0
5
2.00000
3	3.00000	0.00000	255	0	0
4	5.00000	0.00000	0	0	255
5	8.00000	0.00000	0	255	255
1	0.00000	0.00000	0	255	0
2	20.0000	0.00000	0	255	0
5
3.00000
3	4.00000	0.00000	255	0	0
4	7.00000	0.00000	0	0	255
5	10.0000	0.00000	0	255	255
1	0.00000	0.00000	0	255	0
2	20.0000	0.00000	0	255	0
5
4.00000
3	6.00000	0.00000	255	0	0
4	9.00000	0.00000	0	0	255
5	12.0000	0.00000	0	255	255
1	0.00000	0.00000	0	255	0
2	20.0000	0.00000	0	255	0
5
5.00000
3	8.00000	0.00000	255	0	0
4	11.0000	0.00000	0	0	255
5	14.0000	0.00000	0	255	255
1	0.00000	0.00000	0	255	0
2	20.0000	0.00000	0	255	0
5
6.00000
3	10.0000	0.00000	255	0	0
4	13.0000	0.00000	0	0	255
5	16.0000	0.00000	0	255	255
1	0.00000	0.00000	0	255	0
2	20.0000	0.00000	0	255	0
5
7.00000
3	12.0000	0.00000	255	0	0
4	15.0000	0.00000	0	0	255
5	18.0000	0.00000	0	255	255
1	0.00000	0.00000	0	255	0
2	20.0000	0.00000	0	255	0
5
8.00000
3	14.0000	0.00000	255	0	0
4	17.0000	0.00000	0	0	255
5	20.0000	0.00000	0	255	255
1	0.00000	0.00000	0	255	0
2	20.0000	0.00000	0	255	0
5
9.00000
5	2.00000	0.00000	0	255	255
3	16.0000	0.00000	255	0	0
4	19.0000	0.00000	0	0	255
1	0.00000	0.00000	0	255	0
2	20.0000	0.00000	0	255	0
5
10.0000
4	1.00000	0.00000	0	0	255
5	4.00000	0.00000	0	255	255
3	18.0000	0.00000	255	0	0
1	0.00000	0.00000	0	255	0
2	20.0000	0.00000	0	255	0
5
11.0000
4	3.00000	0.00000	0	0	255
5	6.00000	0.00000	0	255	255
3	20.0000	0.00000	255	0	0
1	0.00000	0.00000	0	255	0
2	20.0000	0.00000	0	255	0
5
12.0000
3	2.00000	0.00000	255	0	0
4	5.00000	0.00000	0	0	255
5	8.00000	0.00000	0	255	255
1	0.00000	0.00000	0	255	0
2	20.0000	0.00000	0	255	0
5
13.0000
3	4.00000	0.00000	255	0	0
4	7.00000	0.00000	0	0	255
5	10.0000	0.00000	0	255	255
1	0.00000	0.00000	0	255	0
2	20.0000	0.00000	0	255	0
5
14.0000
3	6.00000	0.00000	255	0	0
4	9.00000	0.00000	0	0	255
5	12.0000	0.00000	0	255	255
1	0.00000	0.00000	0	255	0
2	20.0000	0.00000	0	255	0
5
15.0000
3	8.00000	0.00000	255	0	0
4	11.0000	0.00000	0	0	255
5	14.0000	0.00000	0	255	255
1	0.00000	0.00000	0	255	0
2	20.0000	0.00000	0	255	0
5
16.0000
3	10.0000	0.00000	255	0	0
4	13.0000	0.00000	0	0	255
5	16.0000	0.00000	0	255	255
1	0.00000	0.00000	0	255	0
2	20.0000	0.00000	0	255	0
5
17.0000
3	12.0000	0.00000	255	0	0
4	15.0000	0.00000	0	0	255
5	18.0000	0.00000	0	255	255
1	0.00000	0.00000	0	255	0
2	20.0000	0.00000	0	255	0
5
18.0000
3	14.0000	0.00000	255	0	0
4	17.0000	0.00000	0	0	255
5	20.0000	0.00000	0	255	255
1	0.00000	0.00000	0	255	0
2	20.0000	0.00000	0	255	0
5
19.0000
5	2.00000	0.00000	0	255	255
3	16.0000	0.00000	255	0	0
4	19.0000	0.00000	0	0	255
1	0.00000	0.00000	0	255	0
2	20.0000	0.00000	0	255	0
5
20.0000
4	1.00000	0.00000	0	0	255
5	4.00000	0.00000	0	255	255
3	18.0000	0.00000	255	0	0
1	0.00000	0.00000	0	255	0
2	20.0000	0.00000	0	255	0
5
21.0000
4	3.00000	0.00000	0	0	255
5	6.00000	0.00000	0	255	255
3	20.0000	0.00000	255	0	0
1	0.00000	0.00000	0	255	0
2	20.0000	0.00000	0	255	0
5
22.0000
3	2.00000	0.00000	255	0	0
4	5.00000	0.00000	0	0	255
5	8.00000	0.00000	0	255	255
1	0.00000	0.00000	0	255	0
2	20.0000	0.00000	0	255	0
5
23.0000
3	4.00000	0.00000	255	0	0
4	7.00000	0.00000	0	0	255
5	10.0000	0.00000	0	255	255
1	0.00000	0.00000	0	255	0
2	20.0000	0.00000	0	255	0
5
24.0000
3	6.00000	0.00000	255	0	0
4	9.00000	0.00000	0	0	255
5	12.0000	0.00000	0	255	255
1	0.00000	0.00000	0	255	0
2	20.0000	0.00000	0	255	0
5
25.0000
3	8.00000	0.00000	255	0	0
4	11.0000	0.00000	0	0	255
5	14.0000	0.00000	0	255	255
1	0.00000	0.00000	0	255	0
2	20.0000	0.00000	0	255	0
5
26.0000
3	10.0000	0.00000	255	0	0
4	13.0000	0.00000	0	0	255
5	16.0000	0.00000	0	255	255
1	0.00000	0.00000	0	255	0
2	20.0000	0.00000	0	255	0
5
27.0000
3	12.0000	0.00000	255	0	0
4	15.0000	0.00000	0	0	255
5	18.0000	0.00000	0	255	255
1	0.00000	0.00000	0	255	0
2	20.0000	0.00000	0	255	0
5
28.0000
3	14.0000	0.00000	255	0	0
4	17.0000	0.00000	0	0	255
5	20.0000	0.00000	0	255	255
1	0.00000	0.00000	0	255	0
2	20.0000	0.00000	0	255	0
5
29.0000
5	2.00000	0.00000	0	255	255
3	16.0000	0.00000	255	0	0
4	19.0000	0.00000	0	0	255
1	0.00000	0.00000	0	255	0
2	20.0000	0.00000	0	255	0
5
30.0000
4	1.00000	0.00000	0	0	255
5	4.00000	0.00000	0	255	255
3	18.0000	0.00000	255	0	0
1	0.00000	0.00000	0	255	0
2	20.0000	0.00000	0	255	0
5
31.0000
4	3.00000	0.00000	0	0	255
5	6.00000	0.00000	0	255	255
3	20.0000	0.00000	255	0	0
1	0.00000	0.00000	0	255	0
2	20.0000	0.00000	0	255	0
5
32.0000
3	2.00000	0.00000	255	0	0
4	5.00000	0.00000	0	0	255
5	8.00000	0.00000	0	255	255
1	0.00000	0.00000	0	255	0
2	20.0000	0.00000	0	255	0
5
33.0000
3	4.00000	0.00000	255	0	0
4	7.00000	0.00000	0	0	255
5	10.0000	0.00000	0	255	255
1	0.00000	0.00000	0	255	0
2	20.0000	0.00000	0	255	0
5
34.0000
3	6.00000	0.00000	255	0	0
4	9.00000	0.00000	0	0	255
5	12.0000	0.00000	0	255	255
1	0.00000	0.00000	0	255	0
2	20.0000	0.00000	0	255	0
5
35.0000
3	8.00000	0.00000	255	0	0
4	11.0000	0.00000	0	0	255
5	14.0000	0.00000	0	255	255
1	0.00000	0.00000	0	255	0
2	20.0000	0.00000	0	255	0
5
36.0000
3	10.0000	0.00000	255	0	0
4	13.0000	0.00000	0	0	255
5	16.0000	0.00000	0	255	255
1	0.00000	0.00000	0	255	0
2	20.0000	0.00000	0	255	0
5
37.0000
3	12.0000	0.00000	255	0	0
4	15.0000	0.00000	0	0	255
5	18.0000	0.00000	0	255	255
1	0.00000	0.00000	0	255	0
2	20.0000	0.00000	0	255	0
5
38.0000
3	14.0000	0.00000	255	0	0
4	17.0000	0.00000	0	0	255
5	20.0000	0.00000	0	255	255
1	0.00000	0.00000	0	255	0
2	20.0000	0.00000	0	255	0
5
39.0000
5	2.00000	0.00000	0	255	255
3	16.0000	0.00000	255	0	0
4	19.0000	0.00000	0	0	255
1	0.00000	0.00000	0	255	0
2	20.0000	0.00000	0	255	0
5
40.0000
4	1.00000	0.00000	0	0	255
5	4.00000	0.00000	0	255	255
3	18.0000	0.00000	255	0	0
1	0.00000	0.00000	0	255	0
2	20.0000	0.00000	0	255	0
5
41.0000
4	3.00000	0.00000	0	0	255
5	6.00000	0.00000	0	255	255
3	20.0000	0.00000	255	0	0
1	0.00000	0.00000	0	255	0
2	20.0000	0.00000	0	255	0
5
42.0000
3	2.00000	0.00000	255	0	0
4	5.00000	0.00000	0	0	255
5	8.00000	0.00000	0	255	255
1	0.00000	0.00000	0	255	0
2	20.0000	0.00000	0	255	0
5
43.0000
3	4.00000	0.00000	255	0	0
4	7.00000	0.00000	0	0	255
5	10.0000	0.00000	0	255	255
1	0.00000	0.00000	0	255	0
2	20.0000	0.00000	0	255	0
5
44.0000
3	6.00000	0.00000	255	0	0
4	9.00000	0.00000	0	0	255
5	12.0000	0.00000	0	255	255
1	0.00000	0.00000	0	255	0
2	20.0000	0.00000	0	255	0
5
45.0000
3	8.00000	0.00000	255	0	0
4	11.0000	0.00000	0	0	255
5	14.0000	0.00000	0	255	255
1	0.00000	0.00000	0	255	0
2	20.0000	0.00000	0	255	0
5
46.0000
3	10.0000	0.00000	255	0	0
4	13.0000	0.00000	0	0	255
5	16.0000	0.00000	0	255	255
1	0.00000	0.00000	0	255	0
2	20.0000	0.00000	0	255	0
5
47.0000
3	12.0000	0.00000	255	0	0
4	15.0000	0.00000	0	0	255
5	18.0000	0.00000	0	255	255
1	0.00000	0.00000	0	255	0
2	20.0000	0.00000	0	255	0
5
48.0000
3	14.0000	0.00000	255	0	0
4	17.0000	0.00000	0	0	255
5	20.0000	0.00000	0	255	255
1	0.00000	0.00000	0	255	0
2	20.0000	0.00000	0	255	0
5
49.0000
5	2.00000	0.00000	0	255	255
3	16.0000	0.00000	255	0	0
4	19.0000	0.00000	0	0	255
1	0.00000	0.00000	0	255	0
2	20.0000	0.00000	0	255	0
5
50.0000
4	1.00000	0.00000	0	0	255
5	4.00000	0.00000	0	255	255
3	18.0000	0.00000	255	0	0
1	0.00000	0.00000	0	255	0
2	20.0000	0.00000	0	255	0
5
51.0000
4	3.00000	0.00000	0	0	255
5	6.00000	0.00000	0	255	255
3	20.0000	0.00000	255	0	0
1	0.00000	0.00000	0	255	0
2	20.0000	0.00000	0	255	0
5
52.0000
3	2.00000	0.00000	255	0	0
4	5.00000	0.00000	0	0	255
5	8.00000	0.00000	0	255	255
1	0.00000	0.00000	0	255	0
2	20.0000	0.00000	0	255	0
5
53.0000
3	4.00000	0.00000	255	0	0
4	7.00000	0.00000	0	0	255
5	10.0000	0.00000	0	255	255
1	0.00000	0.00000	0	255	0
2	20.0000	0.00000	0	255	0
5
54.0000
3	6.00000	0.00000	255	0	0
4	9.00000	0.00000	0	0	255
5	12.0000	0.00000	0	255	255
1	0.00000	0.00000	0	255	0
2	20.0000	0.00000	0	255	0
5
55.0000
3	8.00000	0.00000	255	0	0
4	11.0000	0.00000	0	0	255
5	14.0000	0.00000	0	255	255
1	0.00000	0.00000	0	255	0
2	20.0000	0.00000	0	255	0
5
56.0000
3	10.0000	0.00000	255	0	0
4	13.0000	0.00000	0	0	255
5	16.0000	0.00000	0	255	255
1	0.00000	0.00000	0	255	0
2	20.0000	0.00000	0	255	0
5
57.0000
3	12.0000	0.00000	255	0	0
4	15.0000	0.00000	0	0	255
5	18.0000	0.00000	0	255	255
1	0.00000	0.00000	0	255	0
2	20.0000	0.00000	0	255	0
5
58.0000
3	14.0000	0.00000	255	0	0
4	17.0000	0.00000	0	0	255
5	20.0000	0.00000	0	255	255
1	0.00000	0.00000	0	255	0
2	20.0000	0.00000	0	255	0
5
59.0000
5	2.00000	0.00000	0	255	255
3	16.0000	0.00000	255	0	0
4	19.0000	0.00000	0	0	255
1	0.00000	0.00000	0	255	0
2	20.0000	0.00000	0	255	0
5
60.0000
4	1.00000	0.00000	0	0	255
5	4.00000	0.00000	0	255	255
3	18.0000	0.00000	255	0	0
1	0.00000	0.00000	0	255	0
2	20.0000	0.00000	0	255	0
5
61.0000
4	3.00000	0.00000	0	0	255
5	6.00000	0.00000	0	255	255
3	20.0000	0.00000	255	0	0
1	0.00000	0.00000	0	255	0
2	20.0000	0.00000	0	255	0
5
62.0000
3	2.00000	0.00000	255	0	0
4	5.00000	0.00000	0	0	255
5	8.00000	0.00000	0	255	255
1	0.00000	0.00000	0	255	0
2	20.0000	0.00000	0	255	0
5
63.0000
3	4.00000	0.00000	255	0	0
4	7.00000	0.00000	0	0	255
5	10.0000	0.00000	0	255	255
1	0.00000	0.00000	0	255	0
2	20.0000	0.00000	0	255	0
5
64.0000
3	6.00000	0.00000	255	0	0
4	9.00000	0.00000	0	0	255
5	12.0000	0.00000	0	255	255
1	0.00000	0.00000	0	255	0
2	20.0000	0.00000	0	255	0
5
65.0000
3	8.00000	0.00000	255	0	0
4	11.0000	0.00000	0	0	255
5	14.0000	0.00000	0	255	255
1	0.00000	0.00000	0	255	0
2	20.0000	0.00000	0	255	0
5
66.0000
3	10.0000	0.00000	255	0	0
4	13.0000	0.00000	0	0	255
5	16.0000	0.00000	0	255	255
1	0.00000	0.00000	0	255	0
2	20.0000	0.00000	0	255	0
5
67.0000
3	12.0000	0.00000	255	0	0
4	15.0000	0.00000	0	0	255
5	18.0000	0.00000	0	255	255
1	0.00000	0.00000	0	255	0
2	20.0000	0.00000	0	255	0
5
68.0000
3	14.0000	0.00000	255	0	0
4	17.0000	0.00000	0	0	255
5	20.0000	0.00000	0	255	255
1	0.00000	0.00000	0	255	0
2	20.0000	0.00000	0	255	0
5
69.0000
5	2.00000	0.00000	0	255	255
3	16.0000	0.00000	255	0	0
4	19.0000	0.00000	0	0	255
1	0.00000	0.00000	0	255	0
2	20.0000	0.00000	0	255	0
5
70.0000
4	1.00000	0.00000	0	0	255
5	4.00000	0.00000	0	255	255
3	18.0000	0.00000	255	0	0
1	0.00000	0.00000	0	255	0
2	20.0000	0.00000	0	255	0
5
71.0000
4	3.00000	0.00000	0	0	255
5	6.00000	0.00000	0	255	255
3	20.0000	0.00000	255	0	0
1	0.00000	0.00000	0	255	0
2	20.0000	0.00000	0	255	0
5
72.0000
3	2.00000	0.00000	255	0	0
4	5.00000	0.00000	0	0	255
5	8.00000	0.00000	0	255	255
1	0.00000	0.00000	0	255	0
2	20.0000	0.00000	0	255	0
5
73.0000
3	4.00000	0.00000	255	0	0
4	7.00000	0.00000	0	0	255
5	10.0000	0.00000	0	255	255
1	0.00000	0.00000	0	255	0
2	20.0000	0.00000	0	255	0
5
74.0000
3	6.00000	0.00000	255	0	0
4	9.00000	0.00000	0	0	255
5	12.0000	0.00000	0	255	255
1	0.00000	0.00000	0	255	0
2	20.0000	0.00000	0	255	0
5
75.0000
3	8.00000	0.00000	255	0	0
4	11.0000	0.00000	0	0	255
5	14.0000	0.00000	0	255	255
1	0.00000	0.00000	0	255	0
2	20.0000	0.00000	0	255	0
5
76.0000
3	10.0000	0.00000	255	0	0
4	13.0000	0.00000	0	0	255
5	16.0000	0.00000	0	255	255
1	0.00000	0.00000	0	255	0
2	20.0000	0.00000	0	255	0
5
77.0000
3	12.0000	0.00000	255	0	0
4	15.0000	0.00000	0	0	255
5	18.0000	0.00000	0	255	255
1	0.00000	0.00000	0	255	0
2	20.0000	0.00000	0	255	0
5
78.0000
3	14.0000	0.00000	255	0	0
4	17.0000	0.00000	0	0	255
5	20.0000	0.00000	0	255	255
1	0.00000	0.00000	0	255	0
2	20.0000	0.00000	0	255	0
5
79.0000
5	2.00000	0.00000	0	255	255
3	16.0000	0.00000	255	0	0
4	19.0000	0.00000	0	0	255
1	0.00000	0.00000	0	255	0
2	20.0000	0.00000	0	255	0
5
80.0000
4	1.00000	0.00000	0	0	255
5	4.00000	0.00000	0	255	255
3	18.0000	0.00000	255	0	0
1	0.00000	0.00000	0	255	0
2	20.0000	0.00000	0	255	0
5
81.0000
4	3.00000	0.00000	0	0	255
5	6.00000	0.00000	0	255	255
3	20.0000	0.00000	255	0	0
1	0.00000	0.00000	0	255	0
2	20.0000	0.00000	0	255	0
5
82.0000
3	2.00000	0.00000	255	0	0
4	5.00000	0.00000	0	0	255
5	8.00000	0.00000	0	255	255
1	0.00000	0.00000	0	255	0
2	20.0000	0.00000	0	255	0
5
83.0000
3	4.00000	0.00000	255	0	0
4	7.00000	0.00000	0	0	255
5	10.0000	0.00000	0	255	255
1	0.00000	0.00000	0	255	0
2	20.0000	0.00000	0	255	0
5
84.0000
3	6.00000	0.00000	255	0	0
4	9.00000	0.00000	0	0	255
5	12.0000	0.00000	0	255	255
1	0.00000	0.00000	0	255	0
2	20.0000	0.00000	0	255	0
5
85.0000
3	8.00000	0.00000	255	0	0
4	11.0000	0.00000	0	0	255
5	14.0000	0.00000	0	255	255
1	0.00000	0.00000	0	255	0
2	20.0000	0.00000	0	255	0
5
86.0000
3	10.0000	0.00000	255	0	0
4	13.0000	0.00000	0	0	255
5	16.0000	0.00000	0	255	255
1	0.00000	0.00000	0	255	0
2	20.0000	0.00000	0	255	0
5
87.0000
3	12.0000	0.00000	255	0	0
4	15.0000	0.00000	0	0	255
5	18.0000	0.00000	0	255	255
1	0.00000	0.00000	0	255	0
2	20.0000	0.00000	0	255	0
5
88.0000
3	14.0000	0.00000	255	0	0
4	17.0000	0.00000	0	0	255
5	20.0000	0.00000	0	255	255
1	0.00000	0.00000	0	255	0
2	20.0000	0.00000	0	255	0
5
89.0000
5	2.00000	0.00000	0	255	255
3	16.0000	0.00000	255	0	0
4	19.0000	0.00000	0	0	255
1	0.00000	0.00000	0	255	0
2	20.0000	0.00000	0	255	0
5
90.0000
4	1.00000	0.00000	0	0	255
5	4.00000	0.00000	0	255	255
3	18.0000	0.00000	255	0	0
1	0.00000	0.00000	0	255	0
2	20.0000	0.00000	0	255	0
5
91.0000
4	3.00000	0.00000	0	0	255
5	6.00000	0.00000	0	255	255
3	20.0000	0.00000	255	0	0
1	0.00000	0.00000	0	255	0
2	20.0000	0.00000	0	255	0
5
92.0000
3	2.00000	0.00000	255	0	0
4	5.00000	0.00000	0	0	255
5	8.00000	0.00000	0	255	255
1	0.00000	0.00000	0	255	0
2	20.0000	0.00000	0	255	0
5
93.0000
3	4.00000	0.00000	255	0	0
4	7.00000	0.00000	0	0	255
5	10.0000	0.00000	0	255	255
1	0.00000	0.00000	0	255	0
2	20.0000	0.00000	0	255	0
5
94.0000
3	6.00000	0.00000	255	0	0
4	9.00000	0.00000	0	0	255
5	12.0000	0.00000	0	255	255
1	0.00000	0.00000	0	255	0
2	20.0000	0.00000	0	255	0
5
95.0000
3	8.00000	0.00000	255	0	0
4	11.0000	0.00000	0	0	255
5	14.0000	0.00000	0	255	255
1	0.00000	0.00000	0	255	0
2	20.0000	0.00000	0	255	0
5
96.0000
3	10.0000	0.00000	255	0	0
4	13.0000	0.00000	0	0	255
5	16.0000	0.00000	0	255	255
1	0.00000	0.00000	0	255	0
2	20.0000	0.00000	0	255	0
5
97.0000
3	12.0000	0.00000	255	0	0
4	15.0000	0.00000	0	0	255
5	18.0000	0.00000	0	255	255
1	0.00000	0.00000	0	255	0
2	20.0000	0.00000	0	255	0
5
98.0000
3	14.0000	0.00000	255	0	0
4	17.0000	0.00000	0	0	255
5	20.0000	0.00000	0	255	255
1	0.00000	0.00000	0	255	0
2	20.0000	0.00000	0	255	0
5
99.0000
5	2.00000	0.00000	0	255	255
3	16.0000	0.00000	255	0	0
4	19.0000	0.00000	0	0	255
1	0.00000	0.00000	0	255	0
2	20.0000	0.00000	0	255	0
