0,0
0.01001,0
0.02002,0
0.03003,0
0.04004,0
0.05005,0
0.06006,0
0.07007,0
0.08008,0
0.09009,0
0.1001,100
0.11011,0
0.12012,0
0.13013,0
0.14014,0
0.15015,0
0.16016,0
0.17017,0
0.18018,0
0.19019,0
0.2002,0
0.21021,0
0.22022,0
0.23023,0
0.24024,0
0.25025,100
0.26026,0
0.27027,0
0.28028,0
0.29029,0
0.3003,100
0.31031,100
0.32032,0
0.33033,100
0.34034,0
0.35035,0
0.36036,0
0.37037,0
0.38038,0
0.39039,100
0.4004,100
0.41041,0
0.42042,0
0.43043,100
0.44044,0
0.45045,0
0.46046,0
0.47047,0
0.48048,0
0.49049,0
0.5005,0
0.51051,0
0.52052,0
0.53053,0
0.54054,0
0.55055,0
0.56056,0
0.57057,200
0.58058,0
0.59059,0
0.6006,0
0.61061,0
0.62062,0
0.63063,200
0.64064,100
0.65065,0
0.66066,0
0.67067,0
0.68068,100
0.69069,0
0.7007,0
0.71071,0
0.72072,0
0.73073,0
0.74074,0
0.75075,200
0.76076,100
0.77077,0
0.78078,100
0.79079,0
0.8008,0
0.81081,0
0.82082,0
0.83083,0
0.84084,0
0.85085,0
0.86086,100
0.87087,200
0.88088,0
0.89089,0
0.9009,0
0.91091,0
0.92092,100
0.93093,0
0.94094,100
0.95095,0
0.96096,0
0.97097,0
0.98098,0
0.99099,100
1.001,0
1.01101,0
1.02102,100
1.02102,0
1.02103,0
1.02104,0
1.02105,0
1.02106,0
1.02107,0
1.02108,0
1.02109,0
1.0211,0
1.02111,0
1.02112,0
1.02113,0
1.02114,0
1.02115,0
1.02116,0
1.02117,0
1.02118,0
1.02119,0
1.0212,0
1.02121,0
1.02122,0
1.02123,0
1.02124,0
1.02125,0
1.02126,0
1.02127,0
1.02128,0
1.02129,0
1.0213,0
1.02131,0
1.02132,0
1.02133,0
1.02134,0
1.02135,0
1.02136,0
1.02137,0
1.02138,0
1.02139,0
1.0214,0
1.02141,0
1.02142,0
1.02143,0
1.02144,0
1.02145,0
1.02146,0
1.02147,0
1.02148,0
1.02149,0
1.0215,0
1.02151,0
1.02152,0
1.02153,0
1.02154,0
1.02155,0
1.02156,0
1.02157,0
1.02158,0
1.02159,0
1.0216,0
1.02161,0
1.02162,0
1.02163,0
1.02164,0
1.02165,0
1.02166,0
1.02167,0
1.02168,0
1.02169,0
1.0217,0
1.02171,0
1.02172,0
1.02173,0
1.02174,0
1.02175,0
1.02176,0
1.02177,0
1.02178,0
1.02179,0
1.0218,0
1.02181,0
1.02182,0
1.02183,0
1.02184,0
1.02185,0
1.02186,0
1.02187,0
1.02188,0
1.02189,0
1.0219,0
1.02191,0
1.02192,0
1.02193,0
1.02194,0
1.02195,0
1.02196,0
1.02197,0
1.02198,0
1.02199,0
1.022,0
1.02201,0
1.02202,0
1.02203,0
1.02204,0
1.02205,0
1.02206,0
1.02207,0
1.02208,0
1.02209,0
1.0221,0
1.02211,0
1.02212,0
1.02213,0
1.02214,0
1.02215,0
1.02216,0
1.02217,0
1.02218,0
1.02219,0
1.0222,0
1.02221,0
1.02222,0
1.02223,0
1.02224,0
1.02225,0
1.02226,0
1.02227,0
1.02228,0
1.02229,0
1.0223,0
1.02231,0
1.02232,0
1.02233,0
1.02234,0
1.02235,0
1.02236,0
1.02237,0
1.02238,0
1.02239,0
1.0224,0
1.02241,0
1.02242,0
1.02243,0
1.02244,0
1.02245,0
1.02246,0
1.02247,0
1.02248,0
1.02249,0
1.0225,0
1.02251,0
1.02252,0
1.02253,100000
1.02254,0
1.02255,0
1.02256,0
1.02257,0
1.02258,0
1.02259,0
1.0226,0
1.02261,0
1.02262,0
1.02263,0
1.02264,0
1.02265,0
1.02266,0
1.02267,0
1.02268,0
1.02269,0
1.0227,0
1.02271,0
1.02272,0
1.02273,0
1.02274,0
1.02275,0
1.02276,0
1.02277,0
1.02278,0
1.02279,0
1.0228,0
1.02281,0
1.02282,0
1.02283,0
1.02284,0
1.02285,0
1.02286,0
1.02287,0
1.02288,0
1.02289,0
1.0229,0
1.02291,0
1.02292,0
1.02293,0
1.02294,0
1.02295,0
1.02296,0
1.02297,0
1.02298,0
1.02299,0
1.023,0
1.02301,0
1.02302,0
1.02303,0
1.02304,0
1.02305,0
1.02306,0
1.02307,0
1.02308,0
1.02309,0
1.0231,0
1.02311,0
1.02312,0
1.02313,0
1.02314,0
1.02315,0
1.02316,0
1.02317,0
1.02318,0
1.02319,0
1.0232,0
1.02321,0
1.02322,0
1.02323,0
1.02324,0
1.02325,0
1.02326,0
1.02327,0
1.02328,0
1.02329,0
1.0233,0
1.02331,0
1.02332,0
1.02333,0
1.02334,0
1.02335,0
1.02336,0
1.02337,0
1.02338,0
1.02339,0
1.0234,0
1.02341,0
1.02342,0
1.02343,0
1.02344,0
1.02345,0
1.02346,0
1.02347,0
1.02348,0
1.02349,0
1.0235,0
1.02351,0
1.02352,0
1.02353,0
1.02354,0
1.02355,0
1.02356,0
1.02357,0
1.02358,0
1.02359,0
1.0236,0
1.02361,0
1.02362,0
1.02363,0
1.02364,0
1.02365,0
1.02366,0
1.02367,0
1.02368,0
1.02369,0
1.0237,0
1.02371,0
1.02372,0
1.02373,0
1.02374,0
1.02375,0
1.02376,0
1.02377,0
1.02378,0
1.02379,0
1.0238,0
1.02381,0
1.02382,0
1.02383,0
1.02384,0
1.02385,0
1.02386,0
1.02387,0
1.02388,0
1.02389,0
1.0239,0
1.02391,0
1.02392,0
1.02393,0
1.02394,0
1.02395,0
1.02396,0
1.02397,0
1.02398,0
1.02399,0
1.024,0
1.02401,0
1.02402,0
1.02403,0
1.02404,0
1.02405,0
1.02406,0
1.02407,0
1.02408,0
1.02409,0
1.0241,0
1.02411,0
1.02412,0
1.02413,0
1.02414,0
1.02415,0
1.02416,0
1.02417,0
1.02418,0
1.02419,0
1.0242,0
1.02421,0
1.02422,0
1.02423,0
1.02424,0
1.02425,0
1.02426,0
1.02427,0
1.02428,0
1.02429,0
1.0243,0
1.02431,0
1.02432,0
1.02433,0
1.02434,0
1.02435,0
1.02436,0
1.02437,0
1.02438,0
1.02439,0
1.0244,0
1.02441,0
1.02442,0
1.02443,0
1.02444,0
1.02445,0
1.02446,0
1.02447,0
1.02448,0
1.02449,0
1.0245,0
1.02451,0
1.02452,0
1.02453,0
1.02454,0
1.02455,0
1.02456,0
1.02457,0
1.02458,0
1.02459,0
1.0246,0
1.02461,0
1.02462,0
1.02463,0
1.02464,0
1.02465,0
1.02466,0
1.02467,0
1.02468,0
1.02469,0
1.0247,0
1.02471,0
1.02472,0
1.02473,0
1.02474,0
1.02475,0
1.02476,0
1.02477,0
1.02478,0
1.02479,0
1.0248,0
1.02481,0
1.02482,0
1.02483,0
1.02484,0
1.02485,0
1.02486,0
1.02487,0
1.02488,0
1.02489,0
1.0249,0
1.02491,0
1.02492,0
1.02493,0
1.02494,0
1.02495,0
1.02496,0
1.02497,0
1.02498,0
1.02499,0
1.025,0
1.02501,0
1.02502,0
1.02503,0
1.02504,0
1.02505,0
1.02506,0
1.02507,0
1.02508,0
1.02509,0
1.0251,0
1.02511,0
1.02512,0
1.02513,0
1.02514,0
1.02515,0
1.02516,0
1.02517,0
1.02518,0
1.02519,0
1.0252,0
1.02521,0
1.02522,0
1.02523,0
1.02524,0
1.02525,0
1.02526,0
1.02527,0
1.02528,0
1.02529,0
1.0253,0
1.02531,0
1.02532,0
1.02533,0
1.02534,0
1.02535,0
1.02536,0
1.02537,0
1.02538,0
1.02539,0
1.0254,0
1.02541,0
1.02542,0
1.02543,0
1.02544,0
1.02545,0
1.02546,0
1.02547,0
1.02548,0
1.02549,0
1.0255,0
1.02551,0
1.02552,0
1.02553,0
1.02554,0
1.02555,0
1.02556,0
1.02557,0
1.02558,0
1.02559,0
1.0256,0
1.02561,0
1.02562,0
1.02563,0
1.02564,0
1.02565,0
1.02566,0
1.02567,0
1.02568,0
1.02569,0
1.0257,0
1.02571,0
1.02572,0
1.02573,0
1.02574,0
1.02575,0
1.02576,0
1.02577,0
1.02578,0
1.02579,0
1.0258,0
1.02581,0
1.02582,0
1.02583,0
1.02584,0
1.02585,0
1.02586,0
1.02587,0
1.02588,0
1.02589,0
1.0259,0
1.02591,0
1.02592,0
1.02593,0
1.02594,0
1.02595,0
1.02596,0
1.02597,0
1.02598,0
1.02599,0
1.026,0
1.02601,0
1.02602,0
1.02603,0
1.02604,0
1.02605,0
1.02606,0
1.02607,0
1.02608,0
1.02609,0
1.0261,0
1.02611,0
1.02612,0
1.02613,0
1.02614,0
1.02615,0
1.02616,0
1.02617,0
1.02618,0
1.02619,0
1.0262,0
1.02621,0
1.02622,0
1.02623,0
1.02624,0
1.02625,0
1.02626,0
1.02627,0
1.02628,0
1.02629,0
1.0263,0
1.02631,0
1.02632,0
1.02633,0
1.02634,0
1.02635,0
1.02636,0
1.02637,0
1.02638,0
1.02639,0
1.01101,0
1.01102,0
1.01103,0
1.01104,0
1.01105,0
1.01106,0
1.01107,0
1.01108,0
1.01109,0
1.0111,0
1.01111,0
1.01112,0
1.01113,0
1.01114,0
1.01115,0
1.01116,0
1.01117,0
1.01118,0
1.01119,0
1.0112,0
1.01121,0
1.01122,0
1.01123,0
1.01124,0
1.01125,0
1.01126,0
1.01127,0
1.01128,0
1.01129,0
1.0113,0
1.01131,0
1.01132,0
1.01133,0
1.01134,0
1.01135,0
1.01136,0
1.01137,0
1.01138,0
1.01139,0
1.0114,0
1.01141,0
1.01142,0
1.01143,0
1.01144,0
1.01145,0
1.01146,0
1.01147,0
1.01148,0
1.01149,0
1.0115,0
1.01151,0
1.01152,0
1.01153,0
1.01154,0
1.01155,0
1.01156,0
1.01157,0
1.01158,0
1.01159,0
1.0116,0
1.01161,0
1.01162,0
1.01163,0
1.01164,0
1.01165,0
1.01166,0
1.01167,0
1.01168,0
1.01169,0
1.0117,0
1.01171,0
1.01172,0
1.01173,0
1.01174,0
1.01175,0
1.01176,0
1.01177,0
1.01178,0
1.01179,0
1.0118,0
1.01181,0
1.01182,0
1.01183,0
1.01184,0
1.01185,0
1.01186,0
1.01187,0
1.01188,0
1.01189,100000
1.0119,0
1.01191,0
1.01192,0
1.01193,0
1.01194,0
1.01195,0
1.01196,0
1.01197,0
1.01198,0
1.01199,0
1.012,0
1.01201,0
1.01202,0
1.01203,0
1.01204,0
1.01205,0
1.01206,0
1.01207,0
1.01208,0
1.01209,0
1.0121,0
1.01211,0
1.01212,0
1.01213,0
1.01214,0
1.01215,0
1.01216,0
1.01217,0
1.01218,0
1.01219,0
1.0122,0
1.01221,0
1.01222,0
1.01223,0
1.01224,0
1.01225,0
1.01226,0
1.01227,0
1.01228,0
1.01229,0
1.0123,0
1.01231,0
1.01232,0
1.01233,0
1.01234,0
1.01235,0
1.01236,0
1.01237,0
1.01238,0
1.01239,0
1.0124,0
1.01241,0
1.01242,0
1.01243,0
1.01244,0
1.01245,0
1.01246,0
1.01247,0
1.01248,0
1.01249,0
1.0125,0
1.01251,0
1.01252,0
1.01253,0
1.01254,0
1.01255,0
1.01256,0
1.01257,0
1.01258,0
1.01259,0
1.0126,0
1.01261,0
1.01262,0
1.01263,0
1.01264,0
1.01265,0
1.01266,0
1.01267,0
1.01268,0
1.01269,0
1.0127,0
1.01271,0
1.01272,0
1.01273,0
1.01274,0
1.01275,0
1.01276,0
1.01277,0
1.01278,0
1.01279,0
1.0128,0
1.01281,0
1.01282,0
1.01283,0
1.01284,0
1.01285,0
1.01286,0
1.01287,0
1.01288,0
1.01289,0
1.0129,0
1.01291,0
1.01292,0
1.01293,0
1.01294,0
1.01295,0
1.01296,0
1.01297,0
1.01298,0
1.01299,0
1.013,0
1.01301,0
1.01302,0
1.01303,0
1.01304,0
1.01305,0
1.01306,0
1.01307,0
1.01308,0
1.01309,0
1.0131,0
1.01311,0
1.01312,0
1.01313,0
1.01314,0
1.01315,0
1.01316,0
1.01317,0
1.01318,0
1.01319,0
1.0132,0
1.01321,0
1.01322,0
1.01323,0
1.01324,0
1.01325,0
1.01326,0
1.01327,0
1.01328,0
1.01329,0
1.0133,0
1.01331,0
1.01332,0
1.01333,0
1.01334,0
1.01335,0
1.01336,0
1.01337,0
1.01338,0
1.01339,0
1.0134,0
1.01341,0
1.01342,0
1.01343,0
1.01344,0
1.01345,0
1.01346,0
1.01347,0
1.01348,0
1.01349,0
1.0135,0
1.01351,0
1.01352,0
1.01353,0
1.01354,0
1.01355,0
1.01356,0
1.01357,0
1.01358,0
1.01359,0
1.0136,0
1.01361,0
1.01362,0
1.01363,0
1.01364,0
1.01365,0
1.01366,0
1.01367,0
1.01368,0
1.01369,0
1.0137,0
1.01371,0
1.01372,0
1.01373,0
1.01374,0
1.01375,0
1.01376,0
1.01377,0
1.01378,0
1.01379,0
1.0138,0
1.01381,0
1.01382,0
1.01383,0
1.01384,0
1.01385,0
1.01386,0
1.01387,0
1.01388,0
1.01389,0
1.0139,0
1.01391,0
1.01392,0
1.01393,0
1.01394,0
1.01395,0
1.01396,0
1.01397,0
1.01398,0
1.01399,0
1.014,0
1.01401,0
1.01402,0
1.01403,0
1.01404,0
1.01405,0
1.01406,0
1.01407,0
1.01408,0
1.01409,0
1.0141,0
1.01411,0
1.01412,0
1.01413,0
1.01414,0
1.01415,0
1.01416,0
1.01417,0
1.01418,0
1.01419,0
1.0142,0
1.01421,0
1.01422,0
1.01423,0
1.01424,0
1.01425,0
1.01426,0
1.01427,0
1.01428,0
1.01429,0
1.0143,0
1.01431,0
1.01432,0
1.01433,0
1.01434,0
1.01435,0
1.01436,0
1.01437,0
1.01438,0
1.01439,0
1.0144,0
1.01441,0
1.01442,0
1.01443,0
1.01444,0
1.01445,0
1.01446,0
1.01447,0
1.01448,0
1.01449,0
1.0145,0
1.01451,0
1.01452,0
1.01453,0
1.01454,0
1.01455,0
1.01456,0
1.01457,0
1.01458,0
1.01459,0
1.0146,0
1.01461,0
1.01462,0
1.01463,0
1.01464,0
1.01465,0
1.01466,0
1.01467,0
1.01468,0
1.01469,0
1.0147,0
1.01471,0
1.01472,0
1.01473,0
1.01474,0
1.01475,0
1.01476,0
1.01477,0
1.01478,0
1.01479,0
1.0148,0
1.01481,0
1.01482,0
1.01483,0
1.01484,0
1.01485,0
1.01486,0
1.01487,0
1.01488,0
1.01489,0
1.0149,0
1.01491,0
1.01492,0
1.01493,0
1.01494,0
1.01495,0
1.01496,0
1.01497,0
1.01498,0
1.01499,0
1.015,0
1.01501,0
1.01502,0
1.01503,0
1.01504,0
1.01505,0
1.01506,0
1.01507,0
1.01508,0
1.01509,0
1.0151,0
1.01511,0
1.01512,0
1.01513,0
1.01514,0
1.01515,0
1.01516,0
1.01517,0
1.01518,0
1.01519,0
1.0152,0
1.01521,0
1.01522,0
1.01523,0
1.01524,0
1.01525,0
1.01526,0
1.01527,0
1.01528,0
1.01529,0
1.0153,0
1.01531,0
1.01532,0
1.01533,0
1.01534,0
1.01535,0
1.01536,0
1.01537,0
1.01538,0
1.01539,0
1.0154,0
1.01541,0
1.01542,0
1.01543,0
1.01544,0
1.01545,0
1.01546,0
1.01547,0
1.01548,0
1.01549,0
1.0155,0
1.01551,0
1.01552,0
1.01553,0
1.01554,0
1.01555,0
1.01556,0
1.01557,0
1.01558,0
1.01559,0
1.0156,0
1.01561,0
1.01562,0
1.01563,0
1.01564,0
1.01565,0
1.01566,0
1.01567,0
1.01568,0
1.01569,0
1.0157,0
1.01571,0
1.01572,0
1.01573,0
1.01574,0
1.01575,0
1.01576,0
1.01577,0
1.01578,0
1.01579,0
1.0158,0
1.01581,0
1.01582,0
1.01583,0
1.01584,0
1.01585,0
1.01586,0
1.01587,0
1.01588,0
1.01589,0
1.0159,0
1.01591,0
1.01592,0
1.01593,0
1.01594,0
1.01595,0
1.01596,0
1.01597,0
1.01598,0
1.01599,0
1.016,0
1.01601,0
1.01602,0
1.01603,0
1.01604,0
1.01605,0
1.01606,0
1.01607,0
1.01608,0
1.01609,0
1.0161,0
1.01611,0
1.01612,0
1.01613,0
1.01614,0
1.01615,0
1.01616,0
1.01617,0
1.01618,0
1.01619,0
1.0162,0
1.01621,0
1.01622,0
1.01623,0
1.01624,0
1.01625,0
1.01626,0
1.01627,0
1.01628,0
1.01629,0
1.0163,0
1.01631,0
1.01632,0
1.01633,0
1.01634,0
1.01635,0
1.01636,0
1.01637,0
1.01638,0
1.01639,0
1.0164,0
1.01641,0
1.01642,0
1.01643,0
1.01644,0
1.01645,0
1.01646,0
1.01647,0
1.01648,0
1.01649,0
1.0165,0
1.01651,0
1.01652,0
1.01653,0
1.01654,0
1.01655,0
1.01656,0
1.01657,0
1.01658,0
1.01659,0
1.0166,0
1.01661,0
1.01662,0
1.01663,0
1.01664,0
1.01665,0
1.01666,0
1.01667,0
1.01668,0
1.01669,0
1.0167,0
1.01671,0
1.01672,0
1.01673,0
1.01674,0
1.01675,0
1.01676,0
1.01677,0
1.01678,0
1.01679,0
1.0168,0
1.01681,0
1.01682,0
1.01683,0
1.01684,0
1.01685,0
1.01686,0
1.01687,0
1.01688,0
1.01689,0
1.0169,0
1.01691,0
1.01692,0
1.01693,0
1.01694,0
1.01695,0
1.01696,0
1.01697,0
1.01698,0
1.01699,0
1.017,0
1.01701,0
1.01702,0
1.01703,0
1.01704,0
1.01705,0
1.01706,0
1.01707,0
1.01708,0
1.01709,0
1.0171,0
1.01711,0
1.01712,0
1.01713,0
1.01714,0
1.01715,0
1.01716,0
1.01717,0
1.01718,0
1.01719,0
1.0172,0
1.01721,0
1.01722,0
1.01723,0
1.01724,0
1.01725,0
1.01726,0
1.01727,0
1.01728,0
1.01729,0
1.0173,0
1.01731,0
1.01732,0
1.01733,0
1.01734,0
1.01735,0
1.01736,0
1.01737,0
1.01738,0
1.01739,0
1.0174,0
1.01741,0
1.01742,0
1.01743,0
1.01744,0
1.01745,0
1.01746,0
1.01747,0
1.01748,0
1.01749,0
1.0175,0
1.01751,0
1.01752,0
1.01753,0
1.01754,0
1.01755,0
1.01756,0
1.01757,0
1.01758,0
1.01759,0
1.0176,0
1.01761,0
1.01762,0
1.01763,0
1.01764,0
1.01765,0
1.01766,0
1.01767,0
1.01768,0
1.01769,0
1.0177,0
1.01771,0
1.01772,0
1.01773,0
1.01774,0
1.01775,0
1.01776,0
1.01777,0
1.01778,0
1.01779,0
1.0178,0
1.01781,0
1.01782,0
1.01783,0
1.01784,0
1.01785,0
1.01786,0
1.01787,0
1.01788,0
1.01789,0
1.0179,0
1.01791,0
1.01792,0
1.01793,0
1.01794,0
1.01795,0
1.01796,0
1.01797,0
1.01798,0
1.01799,0
1.018,0
1.01801,0
1.01802,0
1.01803,0
1.01804,0
1.01805,0
1.01806,0
1.01807,0
1.01808,0
1.01809,0
1.0181,0
1.01811,0
1.01812,0
1.01813,0
1.01814,0
1.01815,0
1.01816,0
1.01817,0
1.01818,0
1.01819,0
1.0182,0
1.01821,0
1.01822,0
1.01823,0
1.01824,0
1.01825,0
1.01826,0
1.01827,0
1.01828,0
1.01829,0
1.0183,0
1.01831,0
1.01832,0
1.01833,0
1.01834,0
1.01835,0
1.01836,0
1.01837,0
1.01838,0
1.01839,0
1.0184,0
1.01841,0
1.01842,0
1.01843,0
1.01844,0
1.01845,0
1.01846,0
1.01847,0
1.01848,0
1.01849,0
1.0185,0
1.01851,0
1.01852,0
1.01853,0
1.01854,0
1.01855,0
1.01856,0
1.01857,0
1.01858,0
1.01859,0
1.0186,0
1.01861,0
1.01862,0
1.01863,0
1.01864,0
1.01865,0
1.01866,0
1.01867,0
1.01868,0
1.01869,0
1.0187,0
1.01871,0
1.01872,0
1.01873,0
1.01874,0
1.01875,0
1.01876,0
1.01877,0
1.01878,0
1.01879,0
1.0188,0
1.01881,0
1.01882,0
1.01883,0
1.01884,0
1.01885,0
1.01886,0
1.01887,0
1.01888,0
1.01889,0
1.0189,0
1.01891,0
1.01892,0
1.01893,0
1.01894,0
1.01895,0
1.01896,0
1.01897,0
1.01898,0
1.01899,0
1.019,0
1.01901,0
1.01902,0
1.01903,0
1.01904,0
1.01905,0
1.01906,0
1.01907,0
1.01908,0
1.01909,0
1.0191,0
1.01911,0
1.01912,0
1.01913,0
1.01914,0
1.01915,0
1.01916,0
1.01917,0
1.01918,0
1.01919,0
1.0192,0
1.01921,0
1.01922,0
1.01923,0
1.01924,0
1.01925,0
1.01926,0
1.01927,0
1.01928,0
1.01929,0
1.0193,0
1.01931,0
1.01932,0
1.01933,0
1.01934,0
1.01935,0
1.01936,0
1.01937,0
1.01938,0
1.01939,0
1.0194,0
1.01941,0
1.01942,0
1.01943,0
1.01944,0
1.01945,0
1.01946,0
1.01947,0
1.01948,0
1.01949,0
1.0195,0
1.01951,0
1.01952,0
1.01953,0
1.01954,0
1.01955,0
1.01956,0
1.01957,0
1.01958,0
1.01959,0
1.0196,0
1.01961,0
1.01962,0
1.01963,0
1.01964,0
1.01965,0
1.01966,0
1.01967,0
1.01968,0
1.01969,0
1.0197,0
1.01971,0
1.01972,0
1.01973,0
1.01974,0
1.01975,0
1.01976,0
1.01977,0
1.01978,0
1.01979,0
1.0198,0
1.01981,0
1.01982,0
1.01983,0
1.01984,0
1.01985,0
1.01986,0
1.01987,0
1.01988,0
1.01989,0
1.0199,0
1.01991,0
1.01992,0
1.01993,0
1.01994,0
1.01995,0
1.01996,0
1.01997,0
1.01998,0
1.01999,0
1.02,0
1.02001,0
1.02002,0
1.02003,0
1.02004,0
1.02005,0
1.02006,0
1.02007,0
1.02008,0
1.02009,0
1.0201,0
1.02011,0
1.02012,0
1.02013,0
1.02014,0
1.02015,0
1.02016,0
1.02017,0
1.02018,0
1.02019,0
1.0202,0
1.02021,0
1.02022,0
1.02023,0
1.02024,0
1.02025,0
1.02026,0
1.02027,0
1.02028,0
1.02029,0
1.0203,0
1.02031,0
1.02032,0
1.02033,0
1.02034,0
1.02035,0
1.02036,0
1.02037,0
1.02038,0
1.02039,0
1.0204,0
1.02041,0
1.02042,0
1.02043,0
1.02044,0
1.02045,0
1.02046,0
1.02047,0
1.02048,0
1.02049,0
1.0205,0
1.02051,0
1.02052,0
1.02053,0
1.02054,0
1.02055,0
1.02056,0
1.02057,0
1.02058,0
1.02059,0
1.0206,0
1.02061,0
1.02062,0
1.02063,0
1.02064,0
1.02065,0
1.02066,0
1.02067,0
1.02068,0
1.02069,0
1.0207,0
1.02071,0
1.02072,0
1.02073,0
1.02074,0
1.02075,0
1.02076,0
1.02077,0
1.02078,0
1.02079,0
1.0208,0
1.02081,0
1.02082,0
1.02083,0
1.02084,0
1.02085,0
1.02086,0
1.02087,0
1.02088,0
1.02089,0
1.0209,0
1.02091,0
1.02092,0
1.02093,0
1.02094,0
1.02095,0
1.02096,0
1.02097,0
1.02098,0
1.02099,0
1.021,0
1.02101,0
1.02102,0
1.02103,0
1.02104,0
1.02105,0
1.02106,0
1.02107,0
1.02108,0
1.02109,0
1.0211,0
1.02111,0
1.02112,0
1.02113,0
1.02114,0
1.02115,0
1.02116,0
1.02117,0
1.02118,0
1.02119,0
1.0212,0
1.02121,0
1.02122,0
1.02123,0
1.02124,0
1.02125,0
1.02126,0
1.02127,0
1.02128,0
1.02129,0
1.0213,0
1.02131,0
1.02132,0
1.02133,0
1.02134,0
1.02135,0
1.02136,0
1.02137,0
1.02138,0
1.02139,0
1.0214,0
1.02141,0
1.02142,0
1.02143,0
1.02144,0
1.02145,0
1.02146,0
1.02147,0
1.02148,0
1.02149,0
1.0215,0
1.02151,0
1.02152,0
1.02153,0
1.02154,0
1.02155,0
1.02156,0
1.02157,0
1.02158,0
1.02159,0
1.0216,0
1.02161,0
1.02162,0
1.02163,0
1.02164,0
1.02165,0
1.02166,0
1.02167,0
1.02168,0
1.02169,0
1.0217,0
1.02171,0
1.02172,0
1.02173,0
1.02174,0
1.02175,0
1.02176,0
1.02177,0
1.02178,0
1.02179,0
1.0218,0
1.02181,0
1.02182,0
1.02183,0
1.02184,0
1.02185,0
1.02186,0
1.02187,0
1.02188,0
1.02189,0
1.0219,0
1.02191,0
1.02192,0
1.02193,0
1.02194,0
1.02195,0
1.02196,0
1.02197,0
1.02198,0
1.02199,0
1.022,0
1.02201,0
1.02202,0
1.02203,0
1.02204,0
1.02205,0
1.02206,0
1.02207,0
1.02208,0
1.02209,0
1.0221,0
1.02211,0
1.02212,0
1.02213,0
1.02214,0
1.02215,0
1.02216,0
1.02217,0
1.02218,0
1.02219,0
1.0222,0
1.02221,0
1.02222,0
1.02223,0
1.02224,0
1.02225,0
1.02226,0
1.02227,0
1.02228,0
1.02229,0
1.0223,0
1.02231,0
1.02232,0
1.02233,0
1.02234,0
1.02235,0
1.02236,0
1.02237,0
1.02238,0
1.02239,0
1.0224,0
1.02241,0
1.02242,0
1.02243,0
1.02244,0
1.02245,0
1.02246,0
1.02247,0
1.02248,0
1.02249,0
1.0225,0
1.02251,0
1.02252,0
1.02253,100000
1.02254,0
1.02255,0
1.02256,0
1.02257,0
1.02258,0
1.02259,0
1.0226,0
1.02261,0
1.02262,0
1.02263,0
1.02264,0
1.02265,0
1.02266,0
1.02267,0
1.02268,0
1.02269,0
1.0227,0
1.02271,0
1.02272,0
1.02273,0
1.02274,0
1.02275,0
1.02276,0
1.02277,0
1.02278,0
1.02279,0
1.0228,0
1.02281,0
1.02282,0
1.02283,0
1.02284,0
1.02285,0
1.02286,0
1.02287,0
1.02288,0
1.02289,0
1.0229,0
1.02291,0
1.02292,0
1.02293,0
1.02294,0
1.02295,0
1.02296,0
1.02297,0
1.02298,0
1.02299,0
1.023,0
1.02301,0
1.02302,0
1.02101,100
1.03102,100
1.04103,0
1.05104,0
1.06105,0
1.07106,100
1.08107,100
1.09108,0
1.10109,0
1.1111,0
1.12111,0
1.13112,200
1.14113,0
1.15114,100
1.16115,0
1.17116,100
1.18117,0
1.19118,0
1.20119,0
1.2112,0
1.22121,100
1.23122,0
1.24123,100
1.25124,0
1.26125,0
1.27126,0
1.28127,100
1.29128,0
1.30129,0
1.3113,100
1.32131,0
1.33132,0
1.34133,100
1.35134,0
1.36135,0
1.37136,0
1.38137,0
1.39138,0
1.40139,0
1.4114,0
1.42141,0
1.43142,0
1.44143,0
1.45144,0
1.46145,0
1.47146,0
1.48147,0
1.49148,0
1.50149,100
1.5115,0
1.52151,200
1.53152,0
1.54153,0
1.55154,0
1.56155,0
1.57156,0
1.58157,0
1.59158,100
1.60159,0
1.6116,0
1.62161,100
1.63162,0
1.64163,0
1.65164,0
1.66165,0
1.67166,0
1.68167,0
1.69168,0
1.70169,100
1.7117,0
1.72171,0
1.73172,100
1.74173,100
1.75174,0
1.76175,0
1.77176,0
1.78177,0
1.79178,0
1.80179,0
1.8118,0
1.82181,0
1.83182,0
1.84183,0
1.85184,0
1.86185,0
1.87186,0
1.88187,0
1.89188,0
1.90189,100
1.9119,0
1.92191,0
1.93192,0
1.94193,0
1.95194,100
1.96195,0
1.97196,0
1.98197,100
1.99198,0
2.00199,0
2.012,0
2.02201,0
2.03202,0
2.04203,0
2.05204,100
2.06205,0
2.07206,0
2.08207,0
2.09208,0
2.10209,0
2.1121,0
2.12211,0
2.13212,0
2.14213,0
2.15214,0
2.16215,0
2.17216,0
2.18217,0
2.19218,0
2.20219,0
2.2122,100
2.22221,0
2.23222,0
2.24223,0
2.25224,100
2.26225,100
2.27226,0
2.28227,0
2.29228,0
2.30229,0
2.3123,0
2.32231,0
2.33232,0
2.34233,0
2.35234,100
2.36235,0
2.37236,0
2.38237,0
2.39238,0
2.40239,100
2.4124,0
2.42241,0
2.43242,0
2.44243,100
2.45244,0
2.46245,100
2.47246,0
2.48247,0
2.49248,0
2.50249,0
2.5125,0
2.52251,0
2.53252,0
2.54253,0
2.55254,0
2.56255,0
2.57256,0
2.58257,0
2.59258,0
2.60259,100
2.6126,0
2.62261,0
2.63262,0
2.64263,0
2.65264,0
2.66265,0
2.67266,0
2.68267,0
2.69268,0
2.70269,0
2.7127,0
2.72271,0
2.73272,0
2.74273,0
2.75274,0
2.76275,0
2.77276,0
2.78277,100
2.79278,0
2.80279,0
2.8128,0
2.82281,0
2.83282,0
2.84283,0
2.85284,0
2.86285,0
2.87286,0
2.88287,0
2.89288,0
2.90289,0
2.9129,100
2.92291,100
2.93292,0
2.94293,0
2.95294,0
2.96295,0
2.97296,0
2.98297,0
2.99298,0
3.00299,100
3.013,0
3.02301,0
3.03302,0
3.04303,0
3.05304,0
3.06305,0
3.07306,0
3.08307,0
3.09308,0
3.10309,100
3.1131,0
3.12311,0
3.13312,100
3.14313,0
3.15314,0
3.16315,0
3.17316,0
3.18317,0
3.19318,0
3.20319,0
3.2132,0
3.22321,100
3.23322,0
3.24323,0
3.25324,0
3.26325,0
3.27326,0
3.28327,0
3.29328,0
3.30329,100
3.3133,0
3.32331,0
3.33332,0
3.34333,0
3.35334,0
3.36335,0
3.37336,0
3.38337,0
3.39338,0
3.40339,0
3.4134,0
3.42341,0
3.43342,0
3.44343,0
3.45344,0
3.46345,0
3.47346,0
3.48347,0
3.49348,0
3.50349,0
3.5135,0
3.52351,0
3.53352,0
3.54353,0
3.55354,0
3.56355,0
3.57356,0
3.58357,0
3.59358,100
3.60359,0
3.6136,0
3.62361,0
3.63362,0
3.64363,0
3.65364,0
3.66365,100
3.67366,0
3.68367,0
3.69368,100
3.70369,0
3.7137,0
3.72371,0
3.73372,0
3.74373,0
3.75374,0
3.76375,0
3.77376,0
3.78377,0
3.79378,0
3.80379,0
3.8138,0
3.82381,100
3.83382,100
3.84383,0
3.85384,0
3.86385,0
3.87386,0
3.88387,0
3.89388,0
3.90389,100
3.9139,0
3.92391,0
3.93392,0
3.94393,100
3.95394,0
3.96395,100
3.97396,0
3.98397,100
3.99398,0
4.00399,0
4.014,0
4.02401,0
4.03402,0
4.04403,0
4.05404,0
4.06405,0
4.07406,100
4.08407,0
4.09408,0
4.10409,0
4.1141,0
4.12411,0
4.13412,0
4.14413,0
4.15414,0
4.16415,0
4.17416,0
4.18417,0
4.19418,100
4.20419,0
4.2142,0
4.22421,0
4.23422,0
4.24423,0
4.25424,100
4.26425,0
4.27426,100
4.28427,0
4.29428,0
4.30429,0
4.3143,0
4.32431,0
4.33432,0
4.34433,0
4.35434,0
4.36435,0
4.37436,0
4.38437,100
4.39438,0
4.40439,0
4.4144,0
4.42441,0
4.43442,0
4.44443,0
4.45444,0
4.46445,0
4.47446,0
4.48447,0
4.49448,0
4.50449,100
4.5145,0
4.52451,0
4.53452,0
4.54453,0
4.55454,0
4.56455,0
4.57456,0
4.58457,100
4.59458,0
4.60459,0
4.6146,0
4.62461,0
4.63462,0
4.64463,0
4.65464,100
4.66465,0
4.67466,0
4.68467,0
4.69468,0
4.70469,0
4.7147,0
4.72471,0
4.73472,0
4.74473,0
4.75474,0
4.76475,0
4.77476,0
4.78477,0
4.79478,0
4.80479,0
4.8148,0
4.82481,100
4.83482,0
4.84483,0
4.85484,0
4.86485,0
4.87486,100
4.88487,0
4.89488,0
4.90489,100
4.9149,0
4.92491,0
4.93492,0
4.94493,0
4.95494,0
4.96495,0
4.97496,0
4.98497,0
4.99498,0
5.00499,100
5.015,0
5.02501,0
5.03502,0
5.04503,0
5.05504,0
5.06505,0
5.07506,0
5.08507,0
5.09508,0
5.10509,0
5.1151,100
5.12511,0
5.13512,0
5.14513,0
5.15514,0
5.16515,0
5.17516,100
5.18517,0
5.19518,0
5.20519,0
5.2152,0
5.22521,0
5.23522,0
5.24523,0
5.25524,0
5.26525,0
5.27526,0
5.28527,0
5.29528,0
5.30529,0
5.3153,0
5.32531,0
5.33532,0
5.34533,0
5.35534,0
5.36535,100
5.37536,0
5.38537,0
5.39538,0
5.40539,0
5.4154,0
5.42541,100
5.43542,0
5.44543,100
5.45544,0
5.46545,0
5.47546,0
5.48547,0
5.49548,0
5.50549,0
5.5155,0
5.52551,100
5.53552,0
5.54553,0
5.55554,0
5.56555,0
5.57556,0
5.58557,0
5.59558,0
5.60559,0
5.6156,0
5.62561,0
5.63562,0
5.64563,0
5.65564,0
5.66565,0
5.67566,0
5.68567,100
5.69568,0
5.70569,100
5.7157,0
5.72571,0
5.73572,0
5.74573,0
5.75574,0
5.76575,0
5.77576,0
5.78577,0
5.79578,0
5.80579,0
5.8158,0
5.82581,0
5.83582,0
5.84583,0
5.85584,0
5.86585,100
5.87586,100
5.88587,0
5.89588,0
5.90589,0
5.9159,0
5.92591,0
5.93592,0
5.94593,0
5.95594,0
5.96595,0
5.97596,0
5.98597,0
5.99598,0
6.00599,0
6.016,0
6.02601,100
6.03602,0
6.04603,0
6.05604,0
6.06605,100
6.07606,0
6.08607,0
6.09608,0
6.10609,0
6.1161,100
6.12611,0
6.13612,0
6.14613,0
6.15614,0
6.16615,0
6.17616,0
6.18617,0
6.19618,0
6.20619,0
6.2162,0
6.22621,100
6.23622,0
6.24623,0
6.25624,0
6.26625,0
6.27626,0
6.28627,0
6.29628,0
6.30629,100
6.3163,200
6.32631,0
6.33632,0
6.34633,0
6.35634,0
6.36635,0
6.37636,0
6.38637,0
6.39638,0
6.40639,0
6.4164,0
6.42641,0
6.43642,0
6.44643,0
6.45644,0
6.46645,100
6.47646,0
6.48647,0
6.49648,0
6.50649,0
6.5165,0
6.52651,0
6.53652,0
6.54653,100
6.55654,0
6.56655,0
6.57656,0
6.58657,0
6.59658,0
6.60659,0
6.6166,0
6.62661,100
6.63662,0
6.64663,0
6.65664,0
6.66665,0
6.67666,0
6.68667,0
6.69668,100
6.70669,0
6.7167,0
6.72671,0
6.73672,100
6.74673,0
6.75674,0
6.76675,100
6.77676,100
6.78677,100
6.79678,0
6.80679,0
6.8168,0
6.82681,100
6.83682,0
6.84683,0
6.85684,0
6.86685,0
6.87686,0
6.88687,0
6.89688,0
6.90689,100
6.9169,0
6.92691,0
6.93692,0
6.94693,0
6.95694,0
6.96695,0
6.97696,0
6.98697,0
6.99698,0
7.00699,100
7.017,0
7.02701,0
7.03702,0
7.04703,0
7.05704,0
7.06705,0
7.07706,0
7.08707,0
7.09708,0
7.10709,0
7.1171,0
7.12711,100
7.13712,0
7.14713,0
7.15714,100
7.16715,0
7.17716,0
7.18717,100
7.19718,0
7.20719,0
7.2172,0
7.22721,0
7.23722,100
7.24723,0
7.25724,0
7.26725,0
7.27726,0
7.28727,0
7.29728,0
7.30729,0
7.3173,0
7.32731,0
7.33732,100
7.34733,0
7.35734,0
7.36735,0
7.37736,0
7.38737,0
7.39738,0
7.40739,100
7.4174,0
7.42741,0
7.43742,0
7.44743,0
7.45744,100
7.46745,0
7.47746,0
7.48747,0
7.49748,100
7.50749,0
7.5175,100
7.52751,0
7.53752,0
7.54753,100
7.55754,0
7.56755,0
7.57756,0
7.58757,0
7.59758,0
7.60759,0
7.6176,0
7.62761,0
7.63762,0
7.64763,0
7.65764,0
7.66765,100
7.67766,0
7.68767,0
7.69768,0
7.70769,0
7.7177,100
7.72771,0
7.73772,0
7.74773,100
7.75774,0
7.76775,0
7.77776,100
7.78777,0
7.79778,0
7.80779,0
7.8178,0
7.82781,0
7.83782,0
7.84783,0
7.85784,0
7.86785,200
7.87786,0
7.88787,0
7.89788,0
7.90789,0
7.9179,0
7.92791,0
7.93792,0
7.94793,0
7.95794,0
7.96795,100
7.97796,0
7.98797,100
7.99798,100
8.00799,0
8.018,0
8.02801,0
8.03802,0
8.04803,0
8.05804,0
8.06805,0
8.07806,100
8.08807,100
8.09808,0
8.10809,0
8.1181,0
8.12811,0
8.13812,0
8.14813,0
8.15814,100
8.16815,100
8.17816,0
8.18817,100
8.19818,0
8.20819,0
8.2182,0
8.22821,0
8.23822,0
8.24823,0
8.25824,0
8.26825,100
8.27826,0
8.28827,0
8.29828,0
8.30829,0
8.3183,0
8.32831,0
8.33832,0
8.34833,0
